0.000000000000000 1.000000000000000 1.333333333333333 2.333333333333333 2.833333333333333 1.895833333333333 1.562500000000000 1.500000000000000 2.333333333333333 3.333333333333333 2.833333333333333 3.166666666666667 3.458333333333333 2.833333333333333 3.083333333333333 2.250000000000000 1.916666666666667 1.583333333333333 1.700000000000000 1.750000000000000 2.933333333333333 2.833333333333333 2.958333333333333 3.208333333333333 2.333333333333333 1.750000000000000 2.000000000000000 2.333333333333333 3.333333333333333 3.333333333333333 3.333333333333333 2.583333333333333 1.687500000000000 1.642857142857143 2.333333333333333 2.312500000000000 3.333333333333333 2.562500000000000 2.562500000000000 2.333333333333333 2.562500000000000 2.833333333333333 2.000000000000000 2.166666666666667 3.333333333333333 3.333333333333333 3.333333333333333 3.833333333333333 2.395833333333333 3.333333333333333 2.395833333333333 4.333333333333333 2.583333333333333 3.500000000000000 2.500000000000000 4.000000000000000 2.500000000000000 2.500000000000000 1.944444444444444 4.000000000000000 3.000000000000000 2.500000000000000 2.000000000000000 2.000000000000000 2.000000000000000 4.000000000000000 2.500000000000000 2.833333333333333 2.250000000000000 2.833333333333333 2.500000000000000 3.333333333333333 3.333333333333333 3.666666666666667 4.666666666666666 3.562500000000000 4.000000000000000 2.500000000000000 4.000000000000000 2.916666666666667 3.916666666666667 4.000000000000000 2.333333333333333 4.333333333333333 3.000000000000000 3.000000000000000 4.000000000000000 2.700000000000000 4.000000000000000 4.000000000000000 3.062500000000000 3.062500000000000 4.583333333333333
1.000000000000000 0.000000000000000 0.333333333333333 1.333333333333333 1.833333333333333 0.895833333333333 0.562500000000000 0.500000000000000 1.333333333333333 2.333333333333333 1.833333333333333 2.166666666666667 2.458333333333333 1.833333333333333 2.083333333333333 1.250000000000000 0.916666666666667 0.583333333333333 0.700000000000000 0.750000000000000 1.933333333333333 1.833333333333333 1.958333333333333 2.208333333333333 1.250000000000000 0.750000000000000 1.000000000000000 1.333333333333333 2.333333333333333 2.333333333333333 2.333333333333333 1.583333333333333 0.687500000000000 0.642857142857143 1.333333333333333 2.583333333333333 2.333333333333333 1.562500000000000 1.562500000000000 1.333333333333333 1.562500000000000 1.833333333333333 1.000000000000000 1.166666666666667 2.333333333333333 2.333333333333333 2.333333333333333 2.833333333333333 2.333333333333333 2.333333333333333 1.395833333333333 3.333333333333333 1.583333333333333 2.500000000000000 1.500000000000000 2.500000000000000 1.500000000000000 1.500000000000000 0.944444444444444 2.500000000000000 2.000000000000000 1.500000000000000 1.000000000000000 1.000000000000000 1.000000000000000 2.500000000000000 1.500000000000000 1.750000000000000 1.250000000000000 1.750000000000000 1.500000000000000 2.333333333333333 2.333333333333333 2.666666666666667 3.666666666666667 2.562500000000000 2.500000000000000 1.500000000000000 2.500000000000000 1.916666666666667 2.916666666666667 2.500000000000000 1.333333333333333 3.333333333333333 2.000000000000000 2.000000000000000 3.000000000000000 1.700000000000000 3.333333333333333 3.333333333333333 2.583333333333333 2.583333333333333 3.583333333333333
1.333333333333333 0.333333333333333 0.000000000000000 1.000000000000000 1.500000000000000 1.611111111111111 0.262500000000000 0.200000000000000 1.000000000000000 2.000000000000000 1.500000000000000 1.833333333333333 2.125000000000000 1.500000000000000 1.750000000000000 0.916666666666667 0.583333333333333 0.250000000000000 0.400000000000000 0.450000000000000 1.600000000000000 1.500000000000000 1.625000000000000 2.500000000000000 1.000000000000000 0.500000000000000 0.700000000000000 1.000000000000000 2.000000000000000 2.000000000000000 2.000000000000000 1.250000000000000 0.387500000000000 0.342857142857143 1.000000000000000 1.500000000000000 2.000000000000000 2.500000000000000 1.262500000000000 1.000000000000000 1.750000000000000 1.500000000000000 0.700000000000000 0.866666666666667 2.000000000000000 2.000000000000000 2.000000000000000 2.500000000000000 2.000000000000000 2.000000000000000 2.111111111111111 3.000000000000000 1.250000000000000 2.200000000000000 1.200000000000000 1.726190476190476 0.726190476190476 1.200000000000000 0.611111111111111 1.726190476190476 2.625000000000000 1.200000000000000 0.700000000000000 0.700000000000000 0.700000000000000 1.726190476190476 1.200000000000000 1.500000000000000 1.000000000000000 1.500000000000000 1.200000000000000 2.000000000000000 2.000000000000000 2.333333333333333 3.333333333333333 2.750000000000000 1.726190476190476 1.200000000000000 1.726190476190476 1.583333333333333 2.583333333333333 1.726190476190476 1.000000000000000 3.000000000000000 1.611111111111111 1.700000000000000 1.726190476190476 1.400000000000000 3.000000000000000 3.000000000000000 2.250000000000000 2.250000000000000 3.250000000000000
2.333333333333333 1.333333333333333 1.000000000000000 0.000000000000000 0.500000000000000 0.611111111111111 1.262500000000000 1.200000000000000 2.000000000000000 3.000000000000000 0.555555555555556 0.888888888888889 0.750000000000000 0.892857142857143 1.142857142857143 1.916666666666667 1.583333333333333 1.250000000000000 1.400000000000000 1.450000000000000 0.600000000000000 2.500000000000000 1.250000000000000 1.500000000000000 2.000000000000000 1.500000000000000 1.700000000000000 0.642857142857143 0.625000000000000 1.111111111111111 3.000000000000000 2.250000000000000 1.387500000000000 1.342857142857143 2.000000000000000 3.250000000000000 1.000000000000000 1.500000000000000 0.755555555555556 2.000000000000000 1.500000000000000 2.500000000000000 1.700000000000000 1.866666666666667 1.055555555555556 1.000000000000000 1.100000000000000 1.100000000000000 1.111111111111111 1.000000000000000 1.111111111111111 2.000000000000000 2.250000000000000 2.500000000000000 2.200000000000000 1.750000000000000 1.726190476190476 2.200000000000000 1.611111111111111 1.750000000000000 1.250000000000000 2.200000000000000 1.700000000000000 1.700000000000000 1.700000000000000 1.750000000000000 2.200000000000000 2.500000000000000 2.000000000000000 2.500000000000000 2.200000000000000 3.000000000000000 3.000000000000000 3.333333333333333 3.500000000000000 2.500000000000000 1.892857142857143 2.200000000000000 1.750000000000000 2.583333333333333 3.583333333333333 2.726190476190476 2.000000000000000 1.625000000000000 2.700000000000000 2.700000000000000 3.700000000000000 4.000000000000000 1.625000000000000 4.000000000000000 3.250000000000000 3.250000000000000 4.250000000000000
2.833333333333333 1.833333333333333 1.500000000000000 0.500000000000000 0.000000000000000 0.111111111111111 0.444444444444444 1.700000000000000 2.500000000000000 0.094017094017094 0.055555555555556 0.388888888888889 0.250000000000000 0.392857142857143 0.642857142857143 1.888888888888889 1.555555555555556 1.750000000000000 0.694444444444444 0.344017094017094 0.100000000000000 0.225000000000000 0.350000000000000 0.750000000000000 2.500000000000000 2.000000000000000 0.944444444444444 0.142857142857143 0.125000000000000 0.611111111111111 0.725000000000000 1.500000000000000 0.569444444444444 0.236874236874237 1.125000000000000 1.750000000000000 2.000000000000000 2.500000000000000 0.255555555555556 0.555555555555556 1.000000000000000 0.600000000000000 2.200000000000000 0.755555555555556 0.555555555555556 0.500000000000000 0.600000000000000 0.600000000000000 0.611111111111111 0.500000000000000 0.611111111111111 1.000000000000000 2.750000000000000 0.755555555555556 1.094017094017094 1.250000000000000 1.555555555555556 1.055555555555556 2.125000000000000 1.250000000000000 0.750000000000000 1.250000000000000 1.555555555555556 2.200000000000000 2.200000000000000 1.250000000000000 2.700000000000000 3.000000000000000 1.087301587301587 3.000000000000000 2.700000000000000 1.125000000000000 1.555555555555556 1.888888888888889 3.000000000000000 2.000000000000000 2.555555555555555 2.700000000000000 1.250000000000000 2.555555555555555 3.555555555555555 2.555555555555555 1.125000000000000 1.125000000000000 2.555555555555555 2.555555555555555 2.555555555555555 1.094017094017094 1.125000000000000 2.125000000000000 2.500000000000000 2.500000000000000 3.500000000000000
1.895833333333333 0.895833333333333 1.611111111111111 0.611111111111111 0.111111111111111 0.000000000000000 0.333333333333333 0.395833333333333 2.611111111111111 0.205128205128205 0.166666666666667 0.500000000000000 0.361111111111111 0.503968253968254 1.892857142857143 1.059523809523810 0.726190476190476 1.861111111111111 0.583333333333333 0.645833333333333 0.211111111111111 1.000000000000000 1.125000000000000 1.000000000000000 0.976190476190476 0.476190476190476 0.833333333333333 0.833333333333333 0.236111111111111 0.500000000000000 1.500000000000000 0.833333333333333 0.458333333333333 0.538690476190476 1.236111111111111 1.083333333333333 1.833333333333333 1.333333333333333 1.333333333333333 0.666666666666667 1.000000000000000 1.000000000000000 0.895833333333333 1.833333333333333 1.000000000000000 0.611111111111111 1.500000000000000 0.711111111111111 0.500000000000000 0.611111111111111 0.500000000000000 1.111111111111111 2.861111111111111 2.333333333333333 1.395833333333333 1.361111111111111 0.869047619047619 1.166666666666667 0.587301587301587 1.361111111111111 0.861111111111111 1.395833333333333 0.895833333333333 0.895833333333333 0.895833333333333 1.361111111111111 1.395833333333333 1.476190476190476 0.976190476190476 1.476190476190476 1.395833333333333 1.236111111111111 1.666666666666667 2.000000000000000 3.000000000000000 2.000000000000000 2.642857142857143 1.395833333333333 1.361111111111111 1.726190476190476 2.726190476190476 1.869047619047619 1.236111111111111 1.236111111111111 1.895833333333333 1.895833333333333 2.895833333333333 1.583333333333333 1.236111111111111 1.833333333333333 1.833333333333333 1.833333333333333 2.833333333333333
1.562500000000000 0.562500000000000 0.262500000000000 1.262500000000000 0.444444444444444 0.333333333333333 0.000000000000000 0.062500000000000 1.262500000000000 1.500000000000000 1.200000000000000 1.533333333333333 0.694444444444444 1.142857142857143 1.392857142857143 0.726190476190476 0.392857142857143 0.726190476190476 0.250000000000000 0.312500000000000 0.544444444444444 0.750000000000000 0.875000000000000 1.333333333333333 0.642857142857143 0.142857142857143 0.500000000000000 0.500000000000000 0.569444444444444 0.833333333333333 1.000000000000000 0.500000000000000 0.125000000000000 0.205357142857143 0.750000000000000 0.750000000000000 1.500000000000000 1.000000000000000 1.000000000000000 1.700000000000000 1.000000000000000 1.500000000000000 0.562500000000000 1.500000000000000 1.700000000000000 1.000000000000000 1.250000000000000 2.000000000000000 0.833333333333333 1.250000000000000 0.833333333333333 2.500000000000000 1.726190476190476 2.000000000000000 1.062500000000000 2.062500000000000 1.062500000000000 1.062500000000000 0.253968253968254 2.062500000000000 1.562500000000000 1.062500000000000 0.562500000000000 0.562500000000000 0.562500000000000 2.062500000000000 1.062500000000000 1.142857142857143 0.642857142857143 1.142857142857143 1.062500000000000 1.562500000000000 2.700000000000000 3.033333333333334 3.000000000000000 2.000000000000000 2.062500000000000 1.062500000000000 2.062500000000000 1.392857142857143 2.392857142857143 2.062500000000000 1.262500000000000 1.253968253968254 1.253968253968254 1.562500000000000 2.562500000000000 1.250000000000000 2.562500000000000 1.500000000000000 1.500000000000000 1.500000000000000 2.500000000000000
1.500000000000000 0.500000000000000 0.200000000000000 1.200000000000000 1.700000000000000 0.395833333333333 0.062500000000000 0.000000000000000 1.200000000000000 0.500000000000000 2.000000000000000 2.333333333333333 1.625000000000000 1.250000000000000 1.500000000000000 1.833333333333333 1.500000000000000 0.450000000000000 0.200000000000000 0.250000000000000 1.125000000000000 1.000000000000000 1.125000000000000 1.375000000000000 0.750000000000000 0.250000000000000 0.500000000000000 0.562500000000000 1.500000000000000 1.500000000000000 1.500000000000000 0.562500000000000 0.187500000000000 0.142857142857143 0.500000000000000 0.812500000000000 1.562500000000000 1.062500000000000 1.062500000000000 1.200000000000000 1.062500000000000 1.000000000000000 0.500000000000000 0.666666666666667 2.500000000000000 1.062500000000000 1.500000000000000 1.000000000000000 0.895833333333333 1.500000000000000 0.895833333333333 2.562500000000000 1.450000000000000 2.000000000000000 1.000000000000000 2.500000000000000 1.500000000000000 1.000000000000000 0.361111111111111 2.500000000000000 1.500000000000000 1.000000000000000 0.500000000000000 0.500000000000000 0.500000000000000 2.500000000000000 1.000000000000000 1.250000000000000 0.750000000000000 1.250000000000000 1.000000000000000 1.500000000000000 2.200000000000000 2.533333333333334 3.533333333333334 2.062500000000000 2.500000000000000 1.000000000000000 2.500000000000000 2.500000000000000 3.500000000000000 2.500000000000000 1.200000000000000 2.500000000000000 1.500000000000000 1.500000000000000 2.500000000000000 1.200000000000000 2.500000000000000 2.500000000000000 1.562500000000000 1.562500000000000 2.562500000000000
2.333333333333333 1.333333333333333 1.000000000000000 2.000000000000000 2.500000000000000 2.611111111111111 1.262500000000000 1.200000000000000 0.000000000000000 1.000000000000000 1.038461538461539 1.371794871794872 1.705128205128205 2.500000000000000 2.750000000000000 1.916666666666667 1.583333333333333 1.250000000000000 1.400000000000000 1.250000000000000 2.000000000000000 2.500000000000000 1.274572649572650 1.524572649572650 2.000000000000000 1.500000000000000 1.700000000000000 2.000000000000000 3.000000000000000 1.649572649572650 1.649572649572650 2.250000000000000 1.387500000000000 1.142857142857143 2.000000000000000 1.250000000000000 3.000000000000000 3.500000000000000 1.238461538461539 2.000000000000000 1.250000000000000 2.500000000000000 1.700000000000000 1.866666666666667 1.538461538461539 3.000000000000000 1.649572649572650 1.500000000000000 3.000000000000000 1.649572649572650 1.750000000000000 4.000000000000000 2.250000000000000 1.738461538461539 2.000000000000000 2.726190476190476 1.726190476190476 2.200000000000000 1.611111111111111 2.726190476190476 2.205128205128205 2.200000000000000 1.700000000000000 1.700000000000000 1.700000000000000 2.726190476190476 2.200000000000000 2.500000000000000 2.000000000000000 2.500000000000000 2.200000000000000 3.000000000000000 3.000000000000000 3.333333333333333 3.250000000000000 2.250000000000000 3.500000000000000 2.200000000000000 2.726190476190476 2.583333333333333 3.583333333333333 2.726190476190476 2.000000000000000 4.000000000000000 2.611111111111111 2.700000000000000 3.700000000000000 2.000000000000000 4.000000000000000 4.000000000000000 3.250000000000000 3.250000000000000 4.250000000000000
3.333333333333333 2.333333333333333 2.000000000000000 3.000000000000000 0.094017094017094 0.205128205128205 1.500000000000000 0.500000000000000 1.000000000000000 0.000000000000000 0.038461538461538 0.371794871794872 0.705128205128205 1.500000000000000 1.750000000000000 1.083333333333333 0.750000000000000 1.083333333333333 2.000000000000000 0.250000000000000 1.000000000000000 0.149572649572650 0.274572649572650 1.205128205128205 1.000000000000000 0.500000000000000 1.000000000000000 1.000000000000000 2.000000000000000 0.649572649572650 0.649572649572650 0.500000000000000 0.767857142857143 0.142857142857143 0.649572649572650 0.250000000000000 0.524572649572650 1.642857142857143 0.238461538461538 1.000000000000000 0.250000000000000 1.038461538461539 1.000000000000000 0.738461538461539 0.538461538461538 0.594017094017094 0.649572649572650 0.500000000000000 1.538461538461539 0.649572649572650 0.750000000000000 1.094017094017094 2.083333333333333 0.738461538461539 1.000000000000000 1.705128205128205 1.538461538461539 1.038461538461539 0.611111111111111 1.705128205128205 1.205128205128205 2.500000000000000 2.000000000000000 1.000000000000000 1.000000000000000 1.705128205128205 1.500000000000000 1.500000000000000 1.000000000000000 1.500000000000000 1.500000000000000 2.000000000000000 2.000000000000000 2.333333333333333 2.250000000000000 1.250000000000000 2.538461538461538 1.500000000000000 1.705128205128205 1.750000000000000 2.750000000000000 2.538461538461538 3.000000000000000 3.000000000000000 1.611111111111111 3.000000000000000 2.538461538461538 1.000000000000000 3.000000000000000 3.000000000000000 1.500000000000000 1.500000000000000 2.500000000000000
2.833333333333333 1.833333333333333 1.500000000000000 0.555555555555556 0.055555555555556 0.166666666666667 1.200000000000000 2.000000000000000 1.038461538461539 0.038461538461538 0.000000000000000 0.333333333333333 0.666666666666667 0.809523809523810 1.059523809523810 1.833333333333333 1.500000000000000 1.833333333333333 2.200000000000000 0.288461538461538 0.155555555555556 0.111111111111111 0.236111111111111 0.486111111111111 1.038461538461538 0.538461538461538 2.500000000000000 0.198412698412698 0.180555555555556 0.611111111111111 0.611111111111111 1.000000000000000 1.625000000000000 0.181318681318681 0.611111111111111 1.250000000000000 0.486111111111111 2.500000000000000 0.200000000000000 0.500000000000000 1.500000000000000 1.000000000000000 2.500000000000000 0.700000000000000 0.500000000000000 0.555555555555556 0.611111111111111 0.538461538461538 1.500000000000000 0.611111111111111 0.666666666666667 1.055555555555556 2.833333333333333 0.700000000000000 1.038461538461539 1.666666666666667 1.500000000000000 1.000000000000000 1.642857142857143 1.666666666666667 1.166666666666667 2.000000000000000 1.500000000000000 2.500000000000000 2.500000000000000 1.666666666666667 3.000000000000000 1.700000000000000 1.038461538461538 1.538461538461538 3.000000000000000 1.500000000000000 1.500000000000000 1.833333333333333 2.833333333333333 2.500000000000000 2.500000000000000 3.000000000000000 1.666666666666667 2.500000000000000 3.500000000000000 2.500000000000000 2.500000000000000 1.180555555555556 2.500000000000000 2.500000000000000 2.500000000000000 1.038461538461539 2.500000000000000 2.000000000000000 2.000000000000000 2.000000000000000 3.000000000000000
3.166666666666667 2.166666666666667 1.833333333333333 0.888888888888889 0.388888888888889 0.500000000000000 1.533333333333333 2.333333333333333 1.371794871794872 0.371794871794872 0.333333333333333 0.000000000000000 0.333333333333333 0.476190476190476 0.726190476190476 0.976190476190476 1.833333333333333 2.166666666666667 2.533333333333333 0.621794871794872 0.488888888888889 0.444444444444444 0.569444444444444 0.833333333333333 0.976190476190476 0.871794871794872 2.833333333333333 1.371794871794872 0.458333333333333 0.944444444444444 0.944444444444444 1.333333333333333 1.658333333333333 0.514652014652015 0.944444444444444 0.621794871794872 0.819444444444444 2.833333333333333 0.533333333333333 0.833333333333333 0.621794871794872 1.333333333333333 2.833333333333333 1.033333333333333 0.833333333333333 0.888888888888889 0.944444444444444 0.871794871794872 1.833333333333333 0.888888888888889 1.000000000000000 1.388888888888889 1.976190476190476 1.033333333333333 1.371794871794872 1.333333333333333 1.833333333333333 1.333333333333333 2.476190476190476 1.333333333333333 0.833333333333333 1.333333333333333 1.833333333333333 2.833333333333333 2.833333333333333 1.333333333333333 3.333333333333333 2.033333333333333 1.371794871794872 1.871794871794872 3.333333333333333 1.444444444444444 1.833333333333333 2.166666666666667 3.166666666666667 2.833333333333333 1.476190476190476 3.333333333333333 1.333333333333333 2.833333333333333 3.833333333333333 3.333333333333333 1.458333333333333 1.458333333333333 2.833333333333333 2.833333333333333 3.333333333333333 1.371794871794872 1.458333333333333 2.333333333333333 2.333333333333333 2.333333333333333 3.333333333333333
3.458333333333333 2.458333333333333 2.125000000000000 0.750000000000000 0.250000000000000 0.361111111111111 0.694444444444444 1.625000000000000 1.705128205128205 0.705128205128205 0.666666666666667 0.333333333333333 0.000000000000000 0.142857142857143 0.392857142857143 0.642857142857143 2.142857142857143 2.375000000000000 1.825000000000000 0.955128205128205 0.350000000000000 0.777777777777778 0.750000000000000 0.500000000000000 0.642857142857143 1.142857142857143 2.125000000000000 0.392857142857143 0.125000000000000 1.000000000000000 1.277777777777778 1.666666666666667 0.819444444444444 0.847985347985348 1.125000000000000 1.916666666666667 1.000000000000000 1.500000000000000 0.866666666666667 1.125000000000000 1.250000000000000 1.625000000000000 2.125000000000000 1.366666666666667 1.166666666666667 0.750000000000000 1.277777777777778 1.205128205128205 2.166666666666667 0.750000000000000 0.861111111111111 1.250000000000000 1.642857142857143 1.366666666666667 1.705128205128205 1.000000000000000 2.000000000000000 2.500000000000000 2.142857142857143 1.000000000000000 0.500000000000000 1.000000000000000 1.500000000000000 2.500000000000000 2.500000000000000 1.000000000000000 2.625000000000000 2.142857142857143 1.642857142857143 2.142857142857143 3.125000000000000 1.125000000000000 2.125000000000000 2.458333333333333 3.458333333333333 2.250000000000000 1.142857142857143 3.000000000000000 1.000000000000000 3.142857142857143 4.000000000000000 3.000000000000000 1.125000000000000 1.125000000000000 3.125000000000000 2.500000000000000 3.000000000000000 1.705128205128205 1.125000000000000 2.125000000000000 2.666666666666667 2.666666666666667 3.666666666666667
2.833333333333333 1.833333333333333 1.500000000000000 0.892857142857143 0.392857142857143 0.503968253968254 1.142857142857143 1.250000000000000 2.500000000000000 1.500000000000000 0.809523809523810 0.476190476190476 0.142857142857143 0.000000000000000 0.250000000000000 0.500000000000000 0.833333333333333 1.166666666666667 1.450000000000000 1.500000000000000 0.492857142857143 0.920634920634921 0.892857142857143 0.642857142857143 0.500000000000000 1.000000000000000 1.750000000000000 1.642857142857143 0.267857142857143 1.142857142857143 1.420634920634921 1.642857142857143 1.267857142857143 1.392857142857143 1.267857142857143 1.750000000000000 1.142857142857143 2.142857142857143 2.142857142857143 1.267857142857143 1.750000000000000 1.767857142857143 1.750000000000000 1.916666666666667 1.309523809523810 0.892857142857143 1.420634920634921 2.000000000000000 1.003968253968254 0.892857142857143 1.003968253968254 1.392857142857143 1.500000000000000 3.000000000000000 2.250000000000000 1.142857142857143 2.000000000000000 2.500000000000000 1.111111111111111 1.142857142857143 0.642857142857143 1.142857142857143 1.642857142857143 2.500000000000000 2.500000000000000 1.142857142857143 2.250000000000000 2.000000000000000 1.500000000000000 2.000000000000000 2.250000000000000 1.267857142857143 2.267857142857143 2.601190476190476 3.601190476190476 2.750000000000000 1.000000000000000 3.000000000000000 1.142857142857143 1.833333333333333 4.000000000000000 3.000000000000000 1.267857142857143 1.267857142857143 2.111111111111111 4.000000000000000 3.000000000000000 2.500000000000000 1.267857142857143 2.267857142857143 2.809523809523809 2.642857142857143 3.642857142857143
3.083333333333333 2.083333333333333 1.750000000000000 1.142857142857143 0.642857142857143 1.892857142857143 1.392857142857143 1.500000000000000 2.750000000000000 1.750000000000000 1.059523809523810 0.726190476190476 0.392857142857143 0.250000000000000 0.000000000000000 0.250000000000000 0.583333333333333 0.916666666666667 1.700000000000000 1.750000000000000 0.742857142857143 1.267857142857143 1.142857142857143 0.892857142857143 0.750000000000000 1.250000000000000 2.000000000000000 1.892857142857143 0.517857142857143 1.392857142857143 1.670634920634921 1.892857142857143 1.517857142857143 1.642857142857143 1.517857142857143 2.000000000000000 1.392857142857143 2.392857142857143 1.259523809523809 1.517857142857143 2.000000000000000 2.017857142857143 2.000000000000000 1.759523809523809 1.559523809523810 1.142857142857143 1.767857142857143 2.250000000000000 1.253968253968254 1.142857142857143 1.253968253968254 1.642857142857143 1.250000000000000 3.250000000000000 2.500000000000000 1.392857142857143 2.250000000000000 1.083333333333333 0.869047619047619 1.392857142857143 0.892857142857143 1.392857142857143 1.892857142857143 1.226190476190476 1.226190476190476 1.392857142857143 2.500000000000000 2.250000000000000 1.750000000000000 2.250000000000000 2.500000000000000 1.517857142857143 2.517857142857143 2.851190476190476 3.851190476190476 3.000000000000000 1.250000000000000 1.726190476190476 1.392857142857143 1.583333333333333 2.583333333333333 1.726190476190476 1.517857142857143 1.517857142857143 2.361111111111111 4.250000000000000 1.726190476190476 2.750000000000000 1.517857142857143 2.517857142857143 3.059523809523809 2.892857142857143 3.892857142857143
2.250000000000000 1.250000000000000 0.916666666666667 1.916666666666667 1.888888888888889 1.059523809523810 0.726190476190476 1.833333333333333 1.916666666666667 1.083333333333333 1.833333333333333 0.976190476190476 0.642857142857143 0.500000000000000 0.250000000000000 0.000000000000000 0.333333333333333 0.666666666666667 1.033333333333333 2.083333333333333 1.988888888888889 1.944444444444444 1.392857142857143 1.142857142857143 1.000000000000000 0.583333333333333 2.333333333333333 1.916666666666667 0.767857142857143 1.642857142857143 2.444444444444445 2.833333333333333 0.851190476190476 1.976190476190476 1.916666666666667 1.333333333333333 2.916666666666667 1.726190476190476 1.726190476190476 1.916666666666667 1.333333333333333 2.833333333333333 2.333333333333333 1.500000000000000 2.333333333333333 2.388888888888889 2.444444444444445 1.583333333333333 3.333333333333333 2.444444444444445 1.559523809523809 2.888888888888889 1.000000000000000 2.583333333333333 2.833333333333333 1.476190476190476 0.476190476190476 0.833333333333333 0.619047619047619 1.476190476190476 1.142857142857143 1.642857142857143 2.333333333333333 0.976190476190476 0.976190476190476 1.476190476190476 2.833333333333333 1.583333333333333 1.083333333333333 1.583333333333333 2.833333333333333 3.333333333333333 2.916666666666667 3.250000000000000 3.333333333333333 2.333333333333333 1.500000000000000 1.476190476190476 1.476190476190476 1.333333333333333 2.333333333333333 1.476190476190476 1.916666666666667 1.619047619047619 1.619047619047619 2.476190476190476 1.476190476190476 2.083333333333333 1.767857142857143 3.833333333333333 3.833333333333333 3.833333333333333 4.833333333333333
1.916666666666667 0.916666666666667 0.583333333333333 1.583333333333333 1.555555555555556 0.726190476190476 0.392857142857143 1.500000000000000 1.583333333333333 0.750000000000000 1.500000000000000 1.833333333333333 2.142857142857143 0.833333333333333 0.583333333333333 0.333333333333333 0.000000000000000 0.333333333333333 0.700000000000000 0.750000000000000 1.655555555555556 1.611111111111111 1.736111111111111 2.642857142857143 0.750000000000000 0.250000000000000 1.000000000000000 1.583333333333333 1.680555555555556 2.111111111111111 2.111111111111111 2.500000000000000 0.517857142857143 0.642857142857143 1.583333333333333 1.000000000000000 2.583333333333333 1.392857142857143 1.392857142857143 1.583333333333333 1.000000000000000 2.500000000000000 1.000000000000000 1.166666666666667 2.000000000000000 2.055555555555555 2.111111111111111 1.250000000000000 3.000000000000000 2.111111111111111 1.226190476190476 2.555555555555555 1.333333333333333 2.250000000000000 1.500000000000000 1.142857142857143 0.142857142857143 0.500000000000000 0.285714285714286 1.142857142857143 2.642857142857143 2.500000000000000 2.000000000000000 0.642857142857143 0.642857142857143 1.142857142857143 1.500000000000000 1.250000000000000 0.750000000000000 1.250000000000000 1.500000000000000 3.000000000000000 2.583333333333333 2.916666666666667 3.000000000000000 2.000000000000000 1.142857142857143 1.142857142857143 1.142857142857143 1.000000000000000 2.000000000000000 1.142857142857143 1.583333333333333 1.285714285714286 1.285714285714286 2.142857142857143 1.142857142857143 1.750000000000000 4.000000000000000 3.500000000000000 3.500000000000000 3.500000000000000 4.500000000000000
1.583333333333333 0.583333333333333 0.250000000000000 1.250000000000000 1.750000000000000 1.861111111111111 0.726190476190476 0.450000000000000 1.250000000000000 1.083333333333333 1.833333333333333 2.166666666666667 2.375000000000000 1.166666666666667 0.916666666666667 0.666666666666667 0.333333333333333 0.000000000000000 0.650000000000000 0.700000000000000 1.850000000000000 1.750000000000000 1.875000000000000 2.125000000000000 1.083333333333333 0.583333333333333 0.950000000000000 1.250000000000000 2.250000000000000 2.250000000000000 2.250000000000000 1.500000000000000 0.851190476190476 0.592857142857143 1.250000000000000 1.333333333333333 2.250000000000000 2.750000000000000 1.512500000000000 1.250000000000000 2.000000000000000 1.750000000000000 0.950000000000000 1.116666666666667 2.333333333333333 2.250000000000000 2.250000000000000 1.583333333333333 2.250000000000000 2.250000000000000 2.361111111111111 3.250000000000000 1.000000000000000 2.450000000000000 1.450000000000000 1.476190476190476 0.476190476190476 0.833333333333333 0.619047619047619 1.476190476190476 2.875000000000000 1.450000000000000 0.950000000000000 0.950000000000000 0.950000000000000 1.476190476190476 1.450000000000000 1.583333333333333 1.083333333333333 1.583333333333333 1.450000000000000 2.250000000000000 2.250000000000000 2.583333333333333 3.583333333333333 3.000000000000000 1.476190476190476 1.450000000000000 1.476190476190476 1.333333333333333 2.333333333333333 1.476190476190476 1.250000000000000 1.619047619047619 1.619047619047619 2.476190476190476 1.476190476190476 2.083333333333333 3.250000000000000 3.250000000000000 2.500000000000000 2.500000000000000 3.500000000000000
1.700000000000000 0.700000000000000 0.400000000000000 1.400000000000000 0.694444444444444 0.583333333333333 0.250000000000000 0.200000000000000 1.400000000000000 2.000000000000000 2.200000000000000 2.533333333333333 1.825000000000000 1.450000000000000 1.700000000000000 1.033333333333333 0.700000000000000 0.650000000000000 0.000000000000000 0.450000000000000 0.794444444444444 1.200000000000000 1.325000000000000 1.583333333333333 0.892857142857143 0.392857142857143 0.700000000000000 0.750000000000000 1.700000000000000 1.083333333333333 1.250000000000000 0.750000000000000 0.375000000000000 0.342857142857143 0.700000000000000 1.000000000000000 1.750000000000000 1.250000000000000 1.250000000000000 1.400000000000000 1.250000000000000 1.200000000000000 0.700000000000000 0.866666666666667 2.700000000000000 1.250000000000000 1.700000000000000 2.500000000000000 1.083333333333333 1.700000000000000 1.083333333333333 1.694444444444444 1.650000000000000 2.200000000000000 1.200000000000000 2.200000000000000 1.200000000000000 1.200000000000000 0.561111111111111 2.200000000000000 1.700000000000000 1.200000000000000 0.700000000000000 0.700000000000000 0.700000000000000 2.200000000000000 1.200000000000000 1.392857142857143 0.892857142857143 1.392857142857143 1.200000000000000 1.700000000000000 2.400000000000000 2.733333333333333 3.250000000000000 2.250000000000000 2.200000000000000 1.200000000000000 2.200000000000000 1.700000000000000 3.200000000000000 2.200000000000000 1.400000000000000 2.700000000000000 1.700000000000000 1.700000000000000 2.700000000000000 1.000000000000000 2.700000000000000 1.750000000000000 1.750000000000000 1.750000000000000 2.750000000000000
1.750000000000000 0.750000000000000 0.450000000000000 1.450000000000000 0.344017094017094 0.645833333333333 0.312500000000000 0.250000000000000 1.250000000000000 0.250000000000000 0.288461538461538 0.621794871794872 0.955128205128205 1.500000000000000 1.750000000000000 2.083333333333333 0.750000000000000 0.700000000000000 0.450000000000000 0.000000000000000 1.250000000000000 1.250000000000000 0.524572649572649 0.774572649572649 1.000000000000000 0.500000000000000 0.750000000000000 1.250000000000000 1.750000000000000 0.899572649572649 0.899572649572649 0.812500000000000 0.437500000000000 0.392857142857143 0.750000000000000 0.500000000000000 1.812500000000000 1.312500000000000 1.312500000000000 1.250000000000000 0.500000000000000 1.250000000000000 0.750000000000000 0.916666666666667 0.788461538461538 0.844017094017094 0.899572649572649 0.750000000000000 1.145833333333333 0.899572649572649 1.000000000000000 1.344017094017094 1.700000000000000 2.250000000000000 1.250000000000000 2.750000000000000 1.250000000000000 1.250000000000000 0.611111111111111 2.750000000000000 1.750000000000000 1.250000000000000 0.750000000000000 0.750000000000000 0.750000000000000 2.750000000000000 1.250000000000000 1.500000000000000 1.000000000000000 1.750000000000000 1.250000000000000 1.750000000000000 2.250000000000000 2.583333333333333 2.500000000000000 1.500000000000000 2.750000000000000 1.250000000000000 2.750000000000000 2.750000000000000 3.750000000000000 2.750000000000000 1.450000000000000 3.250000000000000 1.750000000000000 1.750000000000000 2.750000000000000 1.250000000000000 2.750000000000000 2.750000000000000 1.812500000000000 1.812500000000000 2.812500000000000
2.933333333333333 1.933333333333333 1.600000000000000 0.600000000000000 0.100000000000000 0.211111111111111 0.544444444444444 1.125000000000000 2.000000000000000 1.000000000000000 0.155555555555556 0.488888888888889 0.350000000000000 0.492857142857143 0.742857142857143 1.988888888888889 1.655555555555556 1.850000000000000 0.794444444444444 1.250000000000000 0.000000000000000 0.125000000000000 0.250000000000000 0.500000000000000 2.000000000000000 1.500000000000000 1.044444444444444 0.242857142857143 0.225000000000000 0.625000000000000 0.625000000000000 1.155555555555555 0.669444444444444 1.142857142857143 0.625000000000000 1.250000000000000 0.500000000000000 2.100000000000000 0.355555555555556 0.655555555555556 1.100000000000000 0.500000000000000 1.625000000000000 0.855555555555556 0.655555555555556 0.600000000000000 0.500000000000000 0.500000000000000 1.000000000000000 0.625000000000000 0.711111111111111 1.100000000000000 2.850000000000000 0.855555555555556 2.000000000000000 1.350000000000000 1.655555555555555 1.155555555555555 2.225000000000000 1.350000000000000 0.850000000000000 2.625000000000000 2.125000000000000 1.625000000000000 1.625000000000000 1.350000000000000 2.125000000000000 2.500000000000000 2.000000000000000 3.125000000000000 2.125000000000000 1.125000000000000 1.655555555555555 1.988888888888889 3.100000000000000 2.100000000000000 1.492857142857143 2.125000000000000 1.350000000000000 2.655555555555555 3.655555555555555 2.655555555555555 1.225000000000000 1.225000000000000 3.125000000000000 3.125000000000000 4.125000000000000 2.000000000000000 2.125000000000000 2.125000000000000 2.155555555555555 2.155555555555555 3.155555555555555
2.833333333333333 1.833333333333333 1.500000000000000 2.500000000000000 0.225000000000000 1.000000000000000 0.750000000000000 1.000000000000000 2.500000000000000 0.149572649572650 0.111111111111111 0.444444444444444 0.777777777777778 0.920634920634921 1.267857142857143 1.944444444444444 1.611111111111111 1.750000000000000 1.200000000000000 1.250000000000000 0.125000000000000 0.000000000000000 0.125000000000000 0.375000000000000 1.149572649572649 0.892857142857143 1.500000000000000 0.250000000000000 1.500000000000000 0.500000000000000 0.500000000000000 1.000000000000000 0.875000000000000 1.142857142857143 0.500000000000000 1.250000000000000 0.375000000000000 0.875000000000000 0.311111111111111 0.611111111111111 1.500000000000000 0.500000000000000 1.500000000000000 0.811111111111111 0.611111111111111 0.666666666666667 0.500000000000000 0.625000000000000 1.000000000000000 0.500000000000000 1.500000000000000 1.375000000000000 2.750000000000000 0.811111111111111 2.000000000000000 1.875000000000000 1.611111111111111 1.111111111111111 0.760683760683761 1.875000000000000 1.277777777777778 2.500000000000000 2.000000000000000 1.500000000000000 1.500000000000000 1.875000000000000 2.000000000000000 1.649572649572649 1.392857142857143 3.000000000000000 2.000000000000000 1.000000000000000 1.611111111111111 1.944444444444444 2.944444444444445 2.500000000000000 2.611111111111111 2.000000000000000 1.875000000000000 2.611111111111111 3.611111111111111 2.611111111111111 2.500000000000000 2.500000000000000 3.000000000000000 3.000000000000000 2.611111111111111 1.149572649572649 2.000000000000000 2.000000000000000 2.000000000000000 2.000000000000000 3.000000000000000
2.958333333333333 1.958333333333333 1.625000000000000 1.250000000000000 0.350000000000000 1.125000000000000 0.875000000000000 1.125000000000000 1.274572649572650 0.274572649572650 0.236111111111111 0.569444444444444 0.750000000000000 0.892857142857143 1.142857142857143 1.392857142857143 1.736111111111111 1.875000000000000 1.325000000000000 0.524572649572649 0.250000000000000 0.125000000000000 0.000000000000000 0.250000000000000 1.392857142857143 1.017857142857143 1.625000000000000 0.375000000000000 1.625000000000000 0.750000000000000 0.625000000000000 1.125000000000000 1.000000000000000 0.417429792429792 0.625000000000000 1.375000000000000 0.250000000000000 0.750000000000000 0.436111111111111 0.736111111111111 1.625000000000000 0.625000000000000 1.625000000000000 0.936111111111111 0.736111111111111 0.850000000000000 0.625000000000000 0.750000000000000 1.125000000000000 0.625000000000000 1.625000000000000 1.250000000000000 3.500000000000000 1.750000000000000 1.274572649572649 1.750000000000000 2.750000000000000 1.236111111111111 0.885683760683761 1.750000000000000 1.250000000000000 2.625000000000000 2.125000000000000 1.625000000000000 1.625000000000000 1.750000000000000 2.125000000000000 2.750000000000000 1.517857142857143 3.125000000000000 2.125000000000000 1.125000000000000 1.736111111111111 2.069444444444445 3.069444444444445 2.625000000000000 1.892857142857143 2.125000000000000 1.750000000000000 2.736111111111111 3.736111111111111 3.750000000000000 2.625000000000000 2.625000000000000 3.125000000000000 3.125000000000000 4.125000000000000 1.274572649572649 2.125000000000000 2.125000000000000 2.125000000000000 2.125000000000000 3.125000000000000
