0.000000000000000 0.333333333333333 0.111111111111111 0.333333333333333 0.083333333333333 0.208333333333333 0.250000000000000 0.541666666666667 0.875000000000000 1.666666666666667 1.333333333333333 1.000000000000000 1.100000000000000 1.333333333333333 0.583333333333333 0.364583333333333 1.000000000000000 1.100000000000000 0.444444444444444 1.000000000000000 1.250000000000000 1.000000000000000 1.250000000000000 1.166666666666667 1.250000000000000 1.333333333333333 1.600000000000000 1.083333333333333 1.111111111111111 1.333333333333333 1.083333333333333 1.600000000000000 2.000000000000000 0.864583333333333 1.083333333333333 1.083333333333333 2.100000000000000
0.333333333333333 0.000000000000000 0.333333333333333 0.500000000000000 0.500000000000000 0.625000000000000 0.583333333333333 0.958333333333333 1.291666666666667 1.777777777777778 1.444444444444444 1.111111111111111 1.200000000000000 1.444444444444444 0.750000000000000 1.000000000000000 0.750000000000000 0.700000000000000 1.166666666666667 0.642857142857143 1.000000000000000 0.833333333333333 1.361111111111111 1.277777777777778 1.500000000000000 2.000000000000000 1.700000000000000 1.250000000000000 1.333333333333333 1.000000000000000 2.000000000000000 1.700000000000000 1.500000000000000 1.500000000000000 1.500000000000000 1.500000000000000 2.200000000000000
0.111111111111111 0.333333333333333 0.000000000000000 0.047619047619048 0.050000000000000 0.333333333333333 0.416666666666667 0.666666666666667 1.000000000000000 1.333333333333333 0.511111111111111 0.177777777777778 0.833333333333333 0.511111111111111 0.297619047619048 0.066666666666667 0.300000000000000 0.333333333333333 0.333333333333333 0.190476190476190 0.166666666666667 0.500000000000000 0.427777777777778 0.344444444444444 1.047619047619048 1.066666666666667 0.833333333333333 1.333333333333333 1.000000000000000 1.500000000000000 1.050000000000000 1.333333333333333 0.833333333333333 0.566666666666667 1.050000000000000 1.050000000000000 1.833333333333333
0.333333333333333 0.500000000000000 0.047619047619048 0.000000000000000 0.031250000000000 0.156250000000000 0.250000000000000 0.489583333333333 0.822916666666667 0.777777777777778 0.444444444444444 0.111111111111111 1.000000000000000 0.444444444444444 0.250000000000000 0.031250000000000 0.281250000000000 0.231250000000000 0.333333333333333 0.142857142857143 0.531250000000000 0.547619047619048 0.361111111111111 0.277777777777778 1.000000000000000 1.000000000000000 1.500000000000000 0.750000000000000 1.047619047619048 1.500000000000000 1.031250000000000 1.500000000000000 1.000000000000000 0.531250000000000 1.000000000000000 1.031250000000000 2.000000000000000
0.083333333333333 0.500000000000000 0.050000000000000 0.031250000000000 0.000000000000000 0.125000000000000 0.500000000000000 0.458333333333333 0.791666666666667 1.166666666666667 0.833333333333333 0.500000000000000 0.600000000000000 0.833333333333333 0.281250000000000 0.062500000000000 0.250000000000000 0.200000000000000 0.625000000000000 0.174107142857143 0.500000000000000 1.000000000000000 0.750000000000000 0.666666666666667 0.750000000000000 1.031250000000000 1.100000000000000 1.200000000000000 1.000000000000000 1.500000000000000 1.000000000000000 1.100000000000000 0.625000000000000 0.562500000000000 1.000000000000000 1.000000000000000 1.600000000000000
0.208333333333333 0.625000000000000 0.333333333333333 0.156250000000000 0.125000000000000 0.000000000000000 0.083333333333333 0.333333333333333 0.666666666666667 1.000000000000000 0.644444444444444 0.311111111111111 1.000000000000000 0.644444444444444 0.533333333333333 0.200000000000000 1.000000000000000 1.100000000000000 0.500000000000000 0.100000000000000 1.250000000000000 0.833333333333333 0.561111111111111 0.477777777777778 0.561111111111111 1.200000000000000 1.000000000000000 1.500000000000000 1.333333333333333 1.833333333333333 1.125000000000000 1.500000000000000 0.500000000000000 0.700000000000000 1.125000000000000 1.125000000000000 2.000000000000000
0.250000000000000 0.583333333333333 0.416666666666667 0.250000000000000 0.500000000000000 0.083333333333333 0.000000000000000 0.416666666666667 0.750000000000000 1.083333333333333 1.333333333333333 1.000000000000000 1.250000000000000 1.333333333333333 0.500000000000000 0.281250000000000 0.750000000000000 0.700000000000000 0.583333333333333 0.392857142857143 1.000000000000000 1.500000000000000 1.250000000000000 1.166666666666667 1.250000000000000 1.250000000000000 1.750000000000000 1.000000000000000 1.500000000000000 2.000000000000000 1.500000000000000 1.750000000000000 0.583333333333333 0.781250000000000 1.500000000000000 1.500000000000000 2.250000000000000
0.541666666666667 0.958333333333333 0.666666666666667 0.489583333333333 0.458333333333333 0.333333333333333 0.416666666666667 0.000000000000000 0.333333333333333 0.666666666666667 1.000000000000000 0.958333333333333 1.333333333333333 0.977777777777778 1.833333333333333 0.533333333333333 1.333333333333333 0.658333333333333 0.833333333333333 0.433333333333333 0.958333333333333 1.458333333333333 0.894444444444444 0.811111111111111 0.894444444444444 1.533333333333333 1.333333333333333 1.833333333333333 1.458333333333333 2.166666666666667 1.458333333333333 1.833333333333333 0.833333333333333 1.033333333333333 1.458333333333333 1.458333333333333 2.333333333333333
0.875000000000000 1.291666666666667 1.000000000000000 0.822916666666667 0.791666666666667 0.666666666666667 0.750000000000000 0.333333333333333 0.000000000000000 0.333333333333333 0.666666666666667 1.000000000000000 1.666666666666667 1.333333333333333 2.166666666666667 0.866666666666667 1.666666666666667 0.991666666666667 1.166666666666667 0.766666666666667 1.291666666666667 1.791666666666667 1.250000000000000 1.166666666666667 1.250000000000000 1.866666666666667 1.666666666666667 2.166666666666667 1.791666666666667 2.500000000000000 1.791666666666667 1.600000000000000 1.166666666666667 1.366666666666667 1.791666666666667 1.791666666666667 2.100000000000000
1.666666666666667 1.777777777777778 1.333333333333333 0.777777777777778 1.166666666666667 1.000000000000000 1.083333333333333 0.666666666666667 0.333333333333333 0.000000000000000 0.333333333333333 0.666666666666667 0.766666666666667 1.000000000000000 1.266666666666667 0.777777777777778 2.000000000000000 1.777777777777778 1.166666666666667 1.100000000000000 1.666666666666667 2.166666666666667 0.916666666666667 0.833333333333333 0.916666666666667 1.777777777777778 1.266666666666667 2.166666666666667 2.166666666666667 2.666666666666667 2.166666666666667 1.266666666666667 1.666666666666667 1.277777777777778 2.166666666666667 1.766666666666667 1.766666666666667
1.333333333333333 1.444444444444444 0.511111111111111 0.444444444444444 0.833333333333333 0.644444444444444 1.333333333333333 1.000000000000000 0.666666666666667 0.333333333333333 0.000000000000000 0.333333333333333 0.433333333333333 0.666666666666667 0.933333333333333 0.444444444444444 1.083333333333333 1.444444444444444 0.833333333333333 0.944444444444444 1.333333333333333 1.833333333333333 0.583333333333333 0.500000000000000 0.583333333333333 1.444444444444444 0.933333333333333 1.833333333333333 1.833333333333333 2.333333333333333 1.833333333333333 0.933333333333333 1.333333333333333 0.944444444444444 1.833333333333333 1.433333333333333 1.433333333333333
1.000000000000000 1.111111111111111 0.177777777777778 0.111111111111111 0.500000000000000 0.311111111111111 1.000000000000000 0.958333333333333 1.000000000000000 0.666666666666667 0.333333333333333 0.000000000000000 0.100000000000000 0.333333333333333 0.666666666666667 0.111111111111111 0.750000000000000 0.700000000000000 0.500000000000000 0.253968253968254 1.000000000000000 1.500000000000000 0.250000000000000 0.166666666666667 0.250000000000000 1.111111111111111 0.600000000000000 1.500000000000000 1.500000000000000 2.000000000000000 1.500000000000000 0.600000000000000 1.000000000000000 0.611111111111111 1.500000000000000 1.500000000000000 1.100000000000000
1.100000000000000 1.200000000000000 0.833333333333333 1.000000000000000 0.600000000000000 1.000000000000000 1.250000000000000 1.333333333333333 1.666666666666667 0.766666666666667 0.433333333333333 0.100000000000000 0.000000000000000 0.433333333333333 0.500000000000000 0.200000000000000 1.281250000000000 1.200000000000000 0.500000000000000 1.142857142857143 1.531250000000000 1.547619047619048 0.350000000000000 0.266666666666667 0.350000000000000 1.200000000000000 0.500000000000000 1.000000000000000 2.047619047619047 2.500000000000000 2.031250000000000 0.500000000000000 1.100000000000000 0.700000000000000 2.000000000000000 1.000000000000000 1.000000000000000
1.333333333333333 1.444444444444444 0.511111111111111 0.444444444444444 0.833333333333333 0.644444444444444 1.333333333333333 0.977777777777778 1.333333333333333 1.000000000000000 0.666666666666667 0.333333333333333 0.433333333333333 0.000000000000000 0.333333333333333 0.444444444444444 1.083333333333333 1.444444444444444 0.833333333333333 0.944444444444444 1.333333333333333 1.833333333333333 0.583333333333333 0.500000000000000 0.583333333333333 1.444444444444444 0.933333333333333 0.833333333333333 1.833333333333333 2.333333333333333 1.833333333333333 0.933333333333333 1.333333333333333 0.944444444444444 1.833333333333333 1.433333333333333 1.433333333333333
0.583333333333333 0.750000000000000 0.297619047619048 0.250000000000000 0.281250000000000 0.533333333333333 0.500000000000000 1.833333333333333 2.166666666666667 1.266666666666667 0.933333333333333 0.666666666666667 0.500000000000000 0.333333333333333 0.000000000000000 0.333333333333333 0.531250000000000 1.333333333333333 1.000000000000000 0.392857142857143 0.781250000000000 0.797619047619048 0.850000000000000 0.766666666666667 0.200000000000000 1.333333333333333 1.000000000000000 0.500000000000000 1.297619047619048 1.750000000000000 1.281250000000000 1.000000000000000 0.500000000000000 0.833333333333333 1.250000000000000 1.500000000000000 1.500000000000000
0.364583333333333 1.000000000000000 0.066666666666667 0.031250000000000 0.062500000000000 0.200000000000000 0.281250000000000 0.533333333333333 0.866666666666667 0.777777777777778 0.444444444444444 0.111111111111111 0.200000000000000 0.444444444444444 0.333333333333333 0.000000000000000 1.100000000000000 1.000000000000000 0.166666666666667 0.500000000000000 0.233333333333333 0.566666666666667 0.361111111111111 0.277777777777778 0.361111111111111 1.000000000000000 0.700000000000000 0.833333333333333 1.066666666666667 2.000000000000000 3.000000000000000 0.700000000000000 0.700000000000000 0.500000000000000 1.031250000000000 1.200000000000000 1.200000000000000
1.000000000000000 0.750000000000000 0.300000000000000 0.281250000000000 0.250000000000000 1.000000000000000 0.750000000000000 1.333333333333333 1.666666666666667 2.000000000000000 1.083333333333333 0.750000000000000 1.281250000000000 1.083333333333333 0.531250000000000 1.100000000000000 0.000000000000000 0.100000000000000 1.500000000000000 1.100000000000000 0.250000000000000 1.250000000000000 1.000000000000000 0.916666666666667 1.000000000000000 2.100000000000000 2.000000000000000 1.100000000000000 1.250000000000000 1.750000000000000 1.250000000000000 1.781250000000000 1.500000000000000 1.600000000000000 1.250000000000000 1.250000000000000 2.281250000000000
1.100000000000000 0.700000000000000 0.333333333333333 0.231250000000000 0.200000000000000 1.100000000000000 0.700000000000000 0.658333333333333 0.991666666666667 1.777777777777778 1.444444444444444 0.700000000000000 1.200000000000000 1.444444444444444 1.333333333333333 1.000000000000000 0.100000000000000 0.000000000000000 1.166666666666667 1.500000000000000 0.350000000000000 0.833333333333333 1.361111111111111 1.277777777777778 1.361111111111111 2.000000000000000 1.700000000000000 1.000000000000000 1.333333333333333 1.833333333333333 1.200000000000000 1.700000000000000 0.825000000000000 1.500000000000000 1.200000000000000 1.200000000000000 2.200000000000000
0.444444444444444 1.166666666666667 0.333333333333333 0.333333333333333 0.625000000000000 0.500000000000000 0.583333333333333 0.833333333333333 1.166666666666667 1.166666666666667 0.833333333333333 0.500000000000000 0.500000000000000 0.833333333333333 1.000000000000000 0.166666666666667 1.500000000000000 1.166666666666667 0.000000000000000 0.476190476190476 0.500000000000000 0.833333333333333 0.750000000000000 0.666666666666667 0.750000000000000 1.166666666666667 0.500000000000000 1.000000000000000 1.333333333333333 1.833333333333333 1.364583333333333 1.000000000000000 1.000000000000000 0.666666666666667 1.333333333333333 1.500000000000000 1.500000000000000
1.000000000000000 0.642857142857143 0.190476190476190 0.142857142857143 0.174107142857143 0.100000000000000 0.392857142857143 0.433333333333333 0.766666666666667 1.100000000000000 0.944444444444444 0.253968253968254 1.142857142857143 0.944444444444444 0.392857142857143 0.500000000000000 1.100000000000000 1.500000000000000 0.476190476190476 0.000000000000000 2.250000000000000 2.000000000000000 0.861111111111111 0.777777777777778 1.142857142857143 1.500000000000000 1.200000000000000 0.892857142857143 1.190476190476190 2.333333333333333 1.174107142857143 1.200000000000000 0.600000000000000 1.000000000000000 1.142857142857143 1.174107142857143 1.700000000000000
1.250000000000000 1.000000000000000 0.166666666666667 0.531250000000000 0.500000000000000 1.250000000000000 1.000000000000000 0.958333333333333 1.291666666666667 1.666666666666667 1.333333333333333 1.000000000000000 1.531250000000000 1.333333333333333 0.781250000000000 0.233333333333333 0.250000000000000 0.350000000000000 0.500000000000000 2.250000000000000 0.000000000000000 0.666666666666667 1.250000000000000 1.166666666666667 1.531250000000000 1.233333333333333 1.000000000000000 1.350000000000000 1.166666666666667 2.000000000000000 1.500000000000000 2.031250000000000 1.750000000000000 0.733333333333333 1.500000000000000 1.500000000000000 2.531250000000000
1.000000000000000 0.833333333333333 0.500000000000000 0.547619047619048 1.000000000000000 0.833333333333333 1.500000000000000 1.458333333333333 1.791666666666667 2.166666666666667 1.833333333333333 1.500000000000000 1.547619047619048 1.833333333333333 0.797619047619048 0.566666666666667 1.250000000000000 0.833333333333333 0.833333333333333 2.000000000000000 0.666666666666667 0.000000000000000 1.750000000000000 1.666666666666667 1.547619047619048 1.566666666666667 1.333333333333333 1.833333333333333 1.500000000000000 1.833333333333333 2.000000000000000 2.047619047619047 1.547619047619048 1.066666666666667 2.000000000000000 2.000000000000000 2.547619047619047
1.250000000000000 1.361111111111111 0.427777777777778 0.361111111111111 0.750000000000000 0.561111111111111 1.250000000000000 0.894444444444444 1.250000000000000 0.916666666666667 0.583333333333333 0.250000000000000 0.350000000000000 0.583333333333333 0.850000000000000 0.361111111111111 1.000000000000000 1.361111111111111 0.750000000000000 0.861111111111111 1.250000000000000 1.750000000000000 0.000000000000000 0.250000000000000 0.500000000000000 1.361111111111111 0.850000000000000 1.750000000000000 1.750000000000000 2.250000000000000 1.750000000000000 0.850000000000000 1.250000000000000 0.750000000000000 1.750000000000000 1.350000000000000 1.350000000000000
1.166666666666667 1.277777777777778 0.344444444444444 0.277777777777778 0.666666666666667 0.477777777777778 1.166666666666667 0.811111111111111 1.166666666666667 0.833333333333333 0.500000000000000 0.166666666666667 0.266666666666667 0.500000000000000 0.766666666666667 0.277777777777778 0.916666666666667 1.277777777777778 0.666666666666667 0.777777777777778 1.166666666666667 1.666666666666667 0.250000000000000 0.000000000000000 0.416666666666667 1.277777777777778 0.766666666666667 1.666666666666667 1.666666666666667 2.166666666666667 1.666666666666667 0.766666666666667 1.166666666666667 0.500000000000000 1.666666666666667 1.666666666666667 1.266666666666667
1.250000000000000 1.500000000000000 1.047619047619048 1.000000000000000 0.750000000000000 0.561111111111111 1.250000000000000 0.894444444444444 1.250000000000000 0.916666666666667 0.583333333333333 0.250000000000000 0.350000000000000 0.583333333333333 0.200000000000000 0.361111111111111 1.000000000000000 1.361111111111111 0.750000000000000 1.142857142857143 1.531250000000000 1.547619047619048 0.500000000000000 0.416666666666667 0.000000000000000 2.000000000000000 0.850000000000000 0.700000000000000 1.750000000000000 2.500000000000000 2.031250000000000 0.850000000000000 1.250000000000000 1.531250000000000 2.000000000000000 2.031250000000000 1.350000000000000
1.333333333333333 2.000000000000000 1.066666666666667 1.000000000000000 1.031250000000000 1.200000000000000 1.250000000000000 1.533333333333333 1.866666666666667 1.777777777777778 1.444444444444444 1.111111111111111 1.200000000000000 1.444444444444444 1.333333333333333 1.000000000000000 2.100000000000000 2.000000000000000 1.166666666666667 1.500000000000000 1.233333333333333 1.566666666666667 1.361111111111111 1.277777777777778 2.000000000000000 0.000000000000000 1.666666666666667 2.166666666666667 2.066666666666666 3.000000000000000 2.031250000000000 1.700000000000000 2.000000000000000 1.500000000000000 2.000000000000000 2.200000000000000 2.200000000000000
1.600000000000000 1.700000000000000 0.833333333333333 1.500000000000000 1.100000000000000 1.000000000000000 1.750000000000000 1.333333333333333 1.666666666666667 1.266666666666667 0.933333333333333 0.600000000000000 0.500000000000000 0.933333333333333 1.000000000000000 0.700000000000000 2.000000000000000 1.700000000000000 0.500000000000000 1.200000000000000 1.000000000000000 1.333333333333333 0.850000000000000 0.766666666666667 0.850000000000000 1.666666666666667 0.000000000000000 1.500000000000000 1.833333333333333 2.333333333333333 2.531250000000000 1.000000000000000 1.600000000000000 1.200000000000000 2.500000000000000 1.500000000000000 1.500000000000000
1.083333333333333 1.250000000000000 1.333333333333333 0.750000000000000 1.200000000000000 1.500000000000000 1.000000000000000 1.833333333333333 2.166666666666667 2.166666666666667 1.833333333333333 1.500000000000000 1.000000000000000 0.833333333333333 0.500000000000000 0.833333333333333 1.100000000000000 1.000000000000000 1.000000000000000 0.892857142857143 1.350000000000000 1.833333333333333 1.750000000000000 1.666666666666667 0.700000000000000 2.166666666666667 1.500000000000000 0.000000000000000 2.200000000000000 2.833333333333333 2.200000000000000 1.500000000000000 1.000000000000000 1.666666666666667 2.200000000000000 2.200000000000000 2.000000000000000
1.111111111111111 1.333333333333333 1.000000000000000 1.047619047619048 1.000000000000000 1.333333333333333 1.500000000000000 1.458333333333333 1.791666666666667 2.166666666666667 1.833333333333333 1.500000000000000 2.047619047619047 1.833333333333333 1.297619047619048 1.066666666666667 1.250000000000000 1.333333333333333 1.333333333333333 1.190476190476190 1.166666666666667 1.500000000000000 1.750000000000000 1.666666666666667 1.750000000000000 2.066666666666666 1.833333333333333 2.200000000000000 0.000000000000000 0.500000000000000 1.500000000000000 2.547619047619047 2.047619047619047 1.566666666666667 2.000000000000000 2.000000000000000 3.047619047619047
1.333333333333333 1.000000000000000 1.500000000000000 1.500000000000000 1.500000000000000 1.833333333333333 2.000000000000000 2.166666666666667 2.500000000000000 2.666666666666667 2.333333333333333 2.000000000000000 2.500000000000000 2.333333333333333 1.750000000000000 2.000000000000000 1.750000000000000 1.833333333333333 1.833333333333333 2.333333333333333 2.000000000000000 1.833333333333333 2.250000000000000 2.166666666666667 2.500000000000000 3.000000000000000 2.333333333333333 2.833333333333333 0.500000000000000 0.000000000000000 1.000000000000000 3.000000000000000 2.500000000000000 2.500000000000000 2.500000000000000 2.500000000000000 3.500000000000000
1.083333333333333 2.000000000000000 1.050000000000000 1.031250000000000 1.000000000000000 1.125000000000000 1.500000000000000 1.458333333333333 1.791666666666667 2.166666666666667 1.833333333333333 1.500000000000000 2.031250000000000 1.833333333333333 1.281250000000000 3.000000000000000 1.250000000000000 1.200000000000000 1.364583333333333 1.174107142857143 1.500000000000000 2.000000000000000 1.750000000000000 1.666666666666667 2.031250000000000 2.031250000000000 2.531250000000000 2.200000000000000 1.500000000000000 1.000000000000000 0.000000000000000 2.100000000000000 2.031250000000000 1.562500000000000 2.000000000000000 2.000000000000000 2.600000000000000
1.600000000000000 1.700000000000000 1.333333333333333 1.500000000000000 1.100000000000000 1.500000000000000 1.750000000000000 1.833333333333333 1.600000000000000 1.266666666666667 0.933333333333333 0.600000000000000 0.500000000000000 0.933333333333333 1.000000000000000 0.700000000000000 1.781250000000000 1.700000000000000 1.000000000000000 1.200000000000000 2.031250000000000 2.047619047619047 0.850000000000000 0.766666666666667 0.850000000000000 1.700000000000000 1.000000000000000 1.500000000000000 2.547619047619047 3.000000000000000 2.100000000000000 0.000000000000000 1.600000000000000 1.200000000000000 2.500000000000000 1.500000000000000 1.000000000000000
2.000000000000000 1.500000000000000 0.833333333333333 1.000000000000000 0.625000000000000 0.500000000000000 0.583333333333333 0.833333333333333 1.166666666666667 1.666666666666667 1.333333333333333 1.000000000000000 1.100000000000000 1.333333333333333 0.500000000000000 0.700000000000000 1.500000000000000 0.825000000000000 1.000000000000000 0.600000000000000 1.750000000000000 1.547619047619048 1.250000000000000 1.166666666666667 1.250000000000000 2.000000000000000 1.600000000000000 1.000000000000000 2.047619047619047 2.500000000000000 2.031250000000000 1.600000000000000 0.000000000000000 1.531250000000000 2.000000000000000 2.031250000000000 2.100000000000000
0.864583333333333 1.500000000000000 0.566666666666667 0.531250000000000 0.562500000000000 0.700000000000000 0.781250000000000 1.033333333333333 1.366666666666667 1.277777777777778 0.944444444444444 0.611111111111111 0.700000000000000 0.944444444444444 0.833333333333333 0.500000000000000 1.600000000000000 1.500000000000000 0.666666666666667 1.000000000000000 0.733333333333333 1.066666666666667 0.750000000000000 0.500000000000000 1.531250000000000 1.500000000000000 1.200000000000000 1.666666666666667 1.566666666666667 2.500000000000000 1.562500000000000 1.200000000000000 1.531250000000000 0.000000000000000 1.531250000000000 1.700000000000000 1.700000000000000
1.083333333333333 1.500000000000000 1.050000000000000 1.000000000000000 1.000000000000000 1.125000000000000 1.500000000000000 1.458333333333333 1.791666666666667 2.166666666666667 1.833333333333333 1.500000000000000 2.000000000000000 1.833333333333333 1.250000000000000 1.031250000000000 1.250000000000000 1.200000000000000 1.333333333333333 1.142857142857143 1.500000000000000 2.000000000000000 1.750000000000000 1.666666666666667 2.000000000000000 2.000000000000000 2.500000000000000 2.200000000000000 2.000000000000000 2.500000000000000 2.000000000000000 2.500000000000000 2.000000000000000 1.531250000000000 0.000000000000000 2.000000000000000 3.000000000000000
1.083333333333333 1.500000000000000 1.050000000000000 1.031250000000000 1.000000000000000 1.125000000000000 1.500000000000000 1.458333333333333 1.791666666666667 1.766666666666667 1.433333333333333 1.500000000000000 1.000000000000000 1.433333333333333 1.500000000000000 1.200000000000000 1.250000000000000 1.200000000000000 1.500000000000000 1.174107142857143 1.500000000000000 2.000000000000000 1.350000000000000 1.666666666666667 2.031250000000000 2.200000000000000 1.500000000000000 2.200000000000000 2.000000000000000 2.500000000000000 2.000000000000000 1.500000000000000 2.031250000000000 1.700000000000000 2.000000000000000 0.000000000000000 2.000000000000000
2.100000000000000 2.200000000000000 1.833333333333333 2.000000000000000 1.600000000000000 2.000000000000000 2.250000000000000 2.333333333333333 2.100000000000000 1.766666666666667 1.433333333333333 1.100000000000000 1.000000000000000 1.433333333333333 1.500000000000000 1.200000000000000 2.281250000000000 2.200000000000000 1.500000000000000 1.700000000000000 2.531250000000000 2.547619047619047 1.350000000000000 1.266666666666667 1.350000000000000 2.200000000000000 1.500000000000000 2.000000000000000 3.047619047619047 3.500000000000000 2.600000000000000 1.000000000000000 2.100000000000000 1.700000000000000 3.000000000000000 2.000000000000000 0.000000000000000
