0.000000000000000 1.000000000000000 2.000000000000000 2.125000000000000 2.236111111111111 3.236111111111111 3.250000000000000 3.392857142857143 3.642857142857143 4.500000000000000 4.250000000000000 4.000000000000000 4.250000000000000 3.250000000000000 3.350000000000000 2.583333333333333 2.500000000000000 2.750000000000000 4.500000000000000 4.000000000000000 3.500000000000000 3.000000000000000 3.500000000000000 2.500000000000000 4.500000000000000 3.000000000000000 3.000000000000000 3.000000000000000 4.000000000000000 3.250000000000000 3.500000000000000 3.000000000000000 3.850000000000000 3.500000000000000 3.000000000000000 3.000000000000000 4.000000000000000 4.000000000000000 5.000000000000000 6.000000000000000 4.000000000000000 3.500000000000000 3.200000000000000 4.200000000000000 5.000000000000000 4.333333333333333 4.833333333333333 5.333333333333333 3.500000000000000 5.000000000000000 3.708333333333333 4.500000000000000 3.500000000000000 4.500000000000000 4.000000000000000 4.333333333333333 4.500000000000000 5.200000000000000 5.400000000000000 5.000000000000000 4.250000000000000 5.000000000000000 4.700000000000000 5.200000000000000 5.333333333333333 5.000000000000000 3.125000000000000 3.625000000000000 4.125000000000000 4.125000000000000 3.125000000000000 3.125000000000000
1.000000000000000 0.000000000000000 1.000000000000000 1.125000000000000 1.236111111111111 2.236111111111111 2.250000000000000 2.392857142857143 2.642857142857143 3.500000000000000 3.250000000000000 3.000000000000000 3.250000000000000 2.250000000000000 2.350000000000000 1.583333333333333 1.500000000000000 1.750000000000000 3.500000000000000 3.000000000000000 2.500000000000000 2.000000000000000 2.500000000000000 1.500000000000000 3.500000000000000 2.125000000000000 2.000000000000000 2.000000000000000 3.000000000000000 2.250000000000000 2.500000000000000 2.000000000000000 2.850000000000000 2.500000000000000 2.000000000000000 2.000000000000000 2.125000000000000 3.000000000000000 4.000000000000000 5.000000000000000 3.000000000000000 2.500000000000000 2.200000000000000 3.200000000000000 4.000000000000000 3.333333333333333 3.833333333333333 4.333333333333334 2.500000000000000 4.000000000000000 2.708333333333333 3.500000000000000 2.500000000000000 3.500000000000000 3.000000000000000 3.333333333333333 3.500000000000000 4.200000000000000 4.400000000000000 4.000000000000000 3.250000000000000 4.000000000000000 3.700000000000000 4.200000000000000 4.333333333333334 4.000000000000000 2.125000000000000 2.625000000000000 3.125000000000000 3.125000000000000 2.125000000000000 2.125000000000000
2.000000000000000 1.000000000000000 0.000000000000000 0.125000000000000 0.236111111111111 1.236111111111111 1.250000000000000 1.392857142857143 1.642857142857143 2.500000000000000 2.250000000000000 2.000000000000000 2.250000000000000 1.250000000000000 1.350000000000000 0.583333333333333 0.500000000000000 0.750000000000000 2.500000000000000 2.000000000000000 1.500000000000000 1.000000000000000 1.500000000000000 0.500000000000000 2.500000000000000 1.000000000000000 1.000000000000000 1.000000000000000 2.000000000000000 1.250000000000000 1.500000000000000 1.000000000000000 1.850000000000000 1.500000000000000 1.000000000000000 1.000000000000000 2.000000000000000 2.000000000000000 3.000000000000000 4.000000000000000 2.000000000000000 1.500000000000000 1.200000000000000 2.200000000000000 3.000000000000000 2.333333333333333 2.833333333333333 3.333333333333333 1.500000000000000 3.000000000000000 1.708333333333333 2.500000000000000 1.500000000000000 2.500000000000000 2.000000000000000 2.333333333333333 2.500000000000000 3.200000000000000 3.400000000000000 3.000000000000000 2.250000000000000 3.000000000000000 1.900000000000000 3.200000000000000 3.333333333333333 3.000000000000000 1.125000000000000 1.625000000000000 2.125000000000000 2.125000000000000 1.125000000000000 1.125000000000000
2.125000000000000 1.125000000000000 0.125000000000000 0.000000000000000 0.111111111111111 1.111111111111111 1.611111111111111 1.753968253968254 2.003968253968254 0.861111111111111 0.611111111111111 0.361111111111111 0.611111111111111 0.861111111111111 0.833333333333333 1.583333333333333 1.500000000000000 1.750000000000000 2.250000000000000 1.750000000000000 1.250000000000000 0.611111111111111 1.111111111111111 0.625000000000000 0.861111111111111 1.000000000000000 0.611111111111111 2.000000000000000 1.611111111111111 2.250000000000000 2.500000000000000 2.000000000000000 1.333333333333333 2.500000000000000 2.000000000000000 2.000000000000000 1.000000000000000 2.125000000000000 3.125000000000000 3.142857142857143 3.000000000000000 1.111111111111111 0.811111111111111 1.525000000000000 3.125000000000000 2.458333333333333 2.958333333333333 3.642857142857143 1.111111111111111 3.125000000000000 4.000000000000000 3.000000000000000 2.000000000000000 3.000000000000000 1.611111111111111 1.944444444444444 1.611111111111111 2.525000000000000 4.142857142857142 3.125000000000000 2.611111111111111 2.750000000000000 2.025000000000000 2.525000000000000 3.458333333333333 1.361111111111111 1.000000000000000 1.500000000000000 2.000000000000000 2.000000000000000 1.000000000000000 1.000000000000000
2.236111111111111 1.236111111111111 0.236111111111111 0.111111111111111 0.000000000000000 1.000000000000000 1.500000000000000 1.642857142857143 1.892857142857143 0.750000000000000 0.500000000000000 0.250000000000000 0.500000000000000 0.750000000000000 0.850000000000000 1.500000000000000 0.736111111111111 1.000000000000000 2.142857142857143 1.500000000000000 1.000000000000000 0.500000000000000 1.000000000000000 0.736111111111111 0.750000000000000 1.111111111111111 0.500000000000000 2.000000000000000 1.500000000000000 1.500000000000000 1.666666666666667 1.000000000000000 1.350000000000000 1.736111111111111 1.236111111111111 1.000000000000000 1.111111111111111 1.500000000000000 2.500000000000000 3.250000000000000 1.500000000000000 1.000000000000000 0.700000000000000 1.450000000000000 2.500000000000000 1.833333333333333 2.333333333333333 2.583333333333333 1.000000000000000 2.500000000000000 1.850000000000000 2.000000000000000 1.000000000000000 2.000000000000000 1.500000000000000 1.833333333333333 1.500000000000000 2.450000000000000 2.900000000000000 2.500000000000000 2.500000000000000 2.642857142857143 1.950000000000000 2.450000000000000 2.833333333333333 1.250000000000000 1.111111111111111 1.611111111111111 2.111111111111111 2.111111111111111 1.111111111111111 1.111111111111111
3.236111111111111 2.236111111111111 1.236111111111111 1.111111111111111 1.000000000000000 0.000000000000000 0.500000000000000 0.642857142857143 0.892857142857143 1.500000000000000 1.250000000000000 1.000000000000000 1.250000000000000 1.750000000000000 1.516666666666667 1.500000000000000 1.250000000000000 1.000000000000000 1.142857142857143 1.642857142857143 2.000000000000000 1.500000000000000 1.000000000000000 1.736111111111111 1.500000000000000 2.111111111111111 1.500000000000000 1.750000000000000 2.500000000000000 1.500000000000000 1.666666666666667 2.000000000000000 2.016666666666667 2.250000000000000 1.750000000000000 1.750000000000000 2.111111111111111 2.000000000000000 3.000000000000000 4.000000000000000 2.500000000000000 2.000000000000000 1.700000000000000 2.200000000000000 3.000000000000000 2.333333333333333 2.833333333333333 3.333333333333333 2.000000000000000 3.000000000000000 3.500000000000000 3.000000000000000 2.000000000000000 3.000000000000000 2.500000000000000 2.250000000000000 2.250000000000000 3.200000000000000 4.200000000000000 3.000000000000000 1.500000000000000 1.642857142857143 2.700000000000000 3.200000000000000 3.333333333333333 2.000000000000000 2.111111111111111 2.611111111111111 3.111111111111111 3.111111111111111 2.111111111111111 2.111111111111111
3.250000000000000 2.250000000000000 1.250000000000000 1.611111111111111 1.500000000000000 0.500000000000000 0.000000000000000 0.142857142857143 0.392857142857143 0.642857142857143 1.750000000000000 1.500000000000000 1.750000000000000 2.250000000000000 1.125000000000000 1.000000000000000 0.750000000000000 0.500000000000000 0.642857142857143 1.142857142857143 1.500000000000000 1.000000000000000 0.500000000000000 1.250000000000000 2.000000000000000 1.250000000000000 2.000000000000000 1.250000000000000 2.000000000000000 1.000000000000000 1.166666666666667 1.000000000000000 1.625000000000000 1.750000000000000 1.250000000000000 1.250000000000000 2.611111111111111 2.500000000000000 3.500000000000000 2.142857142857143 2.000000000000000 2.500000000000000 2.200000000000000 2.700000000000000 3.500000000000000 2.833333333333333 3.333333333333333 2.642857142857143 2.500000000000000 3.500000000000000 3.000000000000000 2.125000000000000 3.000000000000000 2.500000000000000 3.000000000000000 2.750000000000000 2.750000000000000 3.700000000000000 3.142857142857143 3.500000000000000 1.000000000000000 1.142857142857143 3.200000000000000 3.700000000000000 3.833333333333333 2.500000000000000 2.611111111111111 3.111111111111111 3.611111111111111 3.611111111111111 2.611111111111111 2.611111111111111
3.392857142857143 2.392857142857143 1.392857142857143 1.753968253968254 1.642857142857143 0.642857142857143 0.142857142857143 0.000000000000000 0.250000000000000 0.500000000000000 0.750000000000000 1.642857142857143 1.892857142857143 2.392857142857143 1.267857142857143 1.142857142857143 0.892857142857143 0.642857142857143 0.500000000000000 1.000000000000000 1.500000000000000 1.142857142857143 0.642857142857143 1.392857142857143 2.142857142857143 1.750000000000000 2.142857142857143 1.392857142857143 2.142857142857143 1.142857142857143 1.309523809523810 1.142857142857143 1.767857142857143 1.892857142857143 1.392857142857143 1.392857142857143 2.753968253968254 2.642857142857143 3.642857142857143 2.285714285714286 2.142857142857143 2.642857142857143 2.200000000000000 2.000000000000000 3.642857142857143 2.976190476190476 3.476190476190476 2.785714285714286 2.642857142857143 3.642857142857143 3.142857142857143 2.267857142857143 3.142857142857143 2.500000000000000 3.142857142857143 2.892857142857143 3.000000000000000 3.000000000000000 3.285714285714286 3.642857142857143 1.142857142857143 1.000000000000000 2.500000000000000 3.000000000000000 4.000000000000000 2.642857142857143 2.753968253968254 3.253968253968254 3.753968253968254 3.753968253968254 2.753968253968254 2.753968253968254
3.642857142857143 2.642857142857143 1.642857142857143 2.003968253968254 1.892857142857143 0.892857142857143 0.392857142857143 0.250000000000000 0.000000000000000 0.250000000000000 0.500000000000000 0.750000000000000 1.000000000000000 1.166666666666667 1.517857142857143 1.392857142857143 1.142857142857143 0.892857142857143 0.750000000000000 1.250000000000000 1.750000000000000 1.392857142857143 0.892857142857143 1.642857142857143 1.250000000000000 2.000000000000000 1.750000000000000 1.642857142857143 2.392857142857143 1.392857142857143 1.559523809523810 1.392857142857143 2.017857142857143 2.142857142857143 1.642857142857143 1.642857142857143 3.003968253968254 1.750000000000000 2.750000000000000 2.535714285714286 2.392857142857143 2.892857142857143 2.450000000000000 2.250000000000000 2.750000000000000 2.083333333333333 2.583333333333333 3.035714285714286 2.892857142857143 2.750000000000000 3.392857142857143 2.517857142857143 2.250000000000000 2.750000000000000 2.750000000000000 2.000000000000000 3.250000000000000 3.250000000000000 3.535714285714286 2.750000000000000 1.392857142857143 1.250000000000000 2.750000000000000 3.250000000000000 4.250000000000000 1.750000000000000 3.003968253968254 3.503968253968254 4.003968253968254 4.003968253968254 3.003968253968254 3.003968253968254
4.500000000000000 3.500000000000000 2.500000000000000 0.861111111111111 0.750000000000000 1.500000000000000 0.642857142857143 0.500000000000000 0.250000000000000 0.000000000000000 0.250000000000000 0.500000000000000 0.750000000000000 0.916666666666667 1.016666666666667 1.642857142857143 1.392857142857143 1.142857142857143 1.000000000000000 1.500000000000000 1.500000000000000 1.250000000000000 1.142857142857143 3.000000000000000 1.000000000000000 1.750000000000000 1.500000000000000 3.000000000000000 2.500000000000000 1.642857142857143 1.809523809523810 2.000000000000000 1.516666666666667 2.392857142857143 1.892857142857143 1.250000000000000 3.000000000000000 1.500000000000000 2.500000000000000 3.500000000000000 2.500000000000000 2.000000000000000 1.700000000000000 1.700000000000000 2.500000000000000 1.833333333333333 2.333333333333333 2.833333333333333 2.000000000000000 2.500000000000000 3.500000000000000 3.000000000000000 2.000000000000000 3.000000000000000 2.500000000000000 1.750000000000000 1.750000000000000 2.700000000000000 3.700000000000000 2.500000000000000 1.642857142857143 1.500000000000000 2.200000000000000 2.700000000000000 2.833333333333333 1.500000000000000 1.861111111111111 2.361111111111111 2.861111111111111 2.861111111111111 1.861111111111111 1.861111111111111
4.250000000000000 3.250000000000000 2.250000000000000 0.611111111111111 0.500000000000000 1.250000000000000 1.750000000000000 0.750000000000000 0.500000000000000 0.250000000000000 0.000000000000000 0.250000000000000 0.500000000000000 0.666666666666667 0.766666666666667 0.891666666666667 1.500000000000000 2.250000000000000 1.250000000000000 1.750000000000000 1.250000000000000 1.000000000000000 1.500000000000000 2.750000000000000 0.750000000000000 1.500000000000000 1.250000000000000 2.750000000000000 2.250000000000000 2.750000000000000 3.250000000000000 1.750000000000000 1.266666666666667 1.766666666666667 2.000000000000000 1.000000000000000 2.750000000000000 1.250000000000000 2.250000000000000 3.250000000000000 2.250000000000000 1.750000000000000 1.450000000000000 1.450000000000000 2.250000000000000 1.583333333333333 2.083333333333333 2.583333333333333 1.750000000000000 2.250000000000000 1.766666666666667 2.750000000000000 1.750000000000000 2.750000000000000 2.250000000000000 1.500000000000000 1.500000000000000 2.450000000000000 3.450000000000000 2.250000000000000 2.750000000000000 1.750000000000000 1.950000000000000 2.450000000000000 2.583333333333333 1.250000000000000 1.611111111111111 2.111111111111111 2.611111111111111 2.611111111111111 1.611111111111111 1.611111111111111
4.000000000000000 3.000000000000000 2.000000000000000 0.361111111111111 0.250000000000000 1.000000000000000 1.500000000000000 1.642857142857143 0.750000000000000 0.500000000000000 0.250000000000000 0.000000000000000 0.250000000000000 0.416666666666667 0.516666666666667 0.641666666666667 1.250000000000000 2.000000000000000 2.142857142857143 1.500000000000000 1.000000000000000 0.750000000000000 1.250000000000000 2.500000000000000 0.500000000000000 1.250000000000000 1.000000000000000 2.500000000000000 2.000000000000000 2.500000000000000 3.000000000000000 1.500000000000000 1.016666666666667 1.516666666666667 1.750000000000000 0.750000000000000 2.500000000000000 1.000000000000000 2.000000000000000 3.000000000000000 2.000000000000000 1.500000000000000 1.200000000000000 1.200000000000000 2.000000000000000 1.333333333333333 1.833333333333333 2.333333333333333 1.500000000000000 2.000000000000000 1.516666666666667 2.500000000000000 1.500000000000000 2.500000000000000 2.000000000000000 1.250000000000000 1.250000000000000 2.200000000000000 3.200000000000000 2.000000000000000 2.500000000000000 2.642857142857143 1.700000000000000 2.200000000000000 2.333333333333333 1.000000000000000 1.361111111111111 1.861111111111111 2.361111111111111 2.361111111111111 1.361111111111111 1.361111111111111
4.250000000000000 3.250000000000000 2.250000000000000 0.611111111111111 0.500000000000000 1.250000000000000 1.750000000000000 1.892857142857143 1.000000000000000 0.750000000000000 0.500000000000000 0.250000000000000 0.000000000000000 0.166666666666667 0.266666666666667 0.391666666666667 1.000000000000000 1.250000000000000 3.500000000000000 3.000000000000000 1.250000000000000 1.000000000000000 1.500000000000000 1.500000000000000 0.750000000000000 1.500000000000000 0.416666666666667 1.500000000000000 1.416666666666667 1.750000000000000 2.000000000000000 1.250000000000000 0.766666666666667 1.266666666666667 1.500000000000000 0.500000000000000 1.611111111111111 1.250000000000000 2.250000000000000 3.250000000000000 2.250000000000000 0.916666666666667 0.616666666666667 2.000000000000000 2.250000000000000 1.583333333333333 2.083333333333333 2.583333333333333 0.916666666666667 2.250000000000000 1.266666666666667 1.266666666666667 1.750000000000000 2.250000000000000 1.333333333333333 1.000000000000000 1.000000000000000 3.000000000000000 4.000000000000000 2.250000000000000 2.750000000000000 4.000000000000000 2.500000000000000 3.000000000000000 4.000000000000000 1.250000000000000 1.611111111111111 2.111111111111111 2.611111111111111 2.611111111111111 1.611111111111111 1.611111111111111
3.250000000000000 2.250000000000000 1.250000000000000 0.861111111111111 0.750000000000000 1.750000000000000 2.250000000000000 2.392857142857143 1.166666666666667 0.916666666666667 0.666666666666667 0.416666666666667 0.166666666666667 0.000000000000000 0.100000000000000 0.225000000000000 1.166666666666667 0.725000000000000 2.150000000000000 1.650000000000000 1.750000000000000 1.250000000000000 1.750000000000000 1.750000000000000 0.916666666666667 1.750000000000000 0.250000000000000 0.725000000000000 1.250000000000000 1.225000000000000 1.225000000000000 0.750000000000000 0.600000000000000 1.100000000000000 1.666666666666667 0.666666666666667 1.750000000000000 1.250000000000000 2.250000000000000 3.250000000000000 2.100000000000000 0.750000000000000 0.450000000000000 2.166666666666667 2.250000000000000 1.583333333333333 2.083333333333333 2.583333333333333 0.750000000000000 2.250000000000000 1.100000000000000 1.100000000000000 0.750000000000000 1.750000000000000 1.250000000000000 1.166666666666667 1.166666666666667 3.166666666666667 2.650000000000000 2.250000000000000 3.100000000000000 2.650000000000000 2.666666666666667 3.166666666666667 2.583333333333333 1.416666666666667 2.375000000000000 2.875000000000000 3.375000000000000 3.375000000000000 1.861111111111111 1.861111111111111
3.350000000000000 2.350000000000000 1.350000000000000 0.833333333333333 0.850000000000000 1.516666666666667 1.125000000000000 1.267857142857143 1.517857142857143 1.016666666666667 0.766666666666667 0.516666666666667 0.266666666666667 0.100000000000000 0.000000000000000 0.125000000000000 0.208333333333333 0.625000000000000 1.767857142857143 3.266666666666667 1.625000000000000 1.125000000000000 1.625000000000000 0.708333333333333 1.016666666666667 0.708333333333333 0.350000000000000 0.625000000000000 1.125000000000000 1.125000000000000 1.125000000000000 0.458333333333333 0.500000000000000 1.000000000000000 1.500000000000000 0.708333333333333 1.850000000000000 1.350000000000000 2.350000000000000 2.142857142857143 2.000000000000000 2.500000000000000 0.550000000000000 0.750000000000000 2.350000000000000 1.683333333333333 2.183333333333334 2.642857142857143 2.500000000000000 2.350000000000000 1.000000000000000 1.000000000000000 2.000000000000000 3.000000000000000 1.350000000000000 1.266666666666667 1.266666666666667 1.750000000000000 3.142857142857143 2.350000000000000 3.000000000000000 2.267857142857143 1.250000000000000 1.750000000000000 2.683333333333334 1.516666666666667 1.833333333333333 2.333333333333333 2.833333333333333 2.833333333333333 1.961111111111111 1.833333333333333
2.583333333333333 1.583333333333333 0.583333333333333 1.583333333333333 1.500000000000000 1.500000000000000 1.000000000000000 1.142857142857143 1.392857142857143 1.642857142857143 0.891666666666667 0.641666666666667 0.391666666666667 0.225000000000000 0.125000000000000 0.000000000000000 0.083333333333333 0.500000000000000 1.642857142857143 2.000000000000000 0.833333333333333 1.000000000000000 1.500000000000000 0.583333333333333 1.333333333333333 0.583333333333333 0.475000000000000 0.500000000000000 1.000000000000000 1.000000000000000 1.000000000000000 0.333333333333333 0.625000000000000 1.125000000000000 0.583333333333333 0.583333333333333 1.333333333333333 1.475000000000000 2.475000000000000 2.267857142857143 2.125000000000000 0.975000000000000 0.675000000000000 0.875000000000000 2.475000000000000 1.808333333333333 2.308333333333334 2.767857142857143 0.975000000000000 2.475000000000000 1.125000000000000 1.125000000000000 2.125000000000000 3.125000000000000 1.475000000000000 1.391666666666667 1.391666666666667 1.875000000000000 3.267857142857143 2.475000000000000 2.000000000000000 2.142857142857143 1.375000000000000 1.875000000000000 2.808333333333334 1.833333333333333 1.708333333333333 2.208333333333333 3.583333333333333 3.583333333333333 2.583333333333333 2.583333333333333
2.500000000000000 1.500000000000000 0.500000000000000 1.500000000000000 0.736111111111111 1.250000000000000 0.750000000000000 0.892857142857143 1.142857142857143 1.392857142857143 1.500000000000000 1.250000000000000 1.000000000000000 1.166666666666667 0.208333333333333 0.083333333333333 0.000000000000000 0.250000000000000 1.392857142857143 1.250000000000000 0.750000000000000 0.750000000000000 1.250000000000000 0.500000000000000 1.250000000000000 0.500000000000000 1.500000000000000 0.500000000000000 1.000000000000000 0.750000000000000 1.000000000000000 0.250000000000000 0.708333333333333 1.000000000000000 0.500000000000000 0.500000000000000 1.250000000000000 2.500000000000000 3.500000000000000 2.642857142857143 2.500000000000000 2.000000000000000 1.700000000000000 2.250000000000000 3.500000000000000 2.833333333333333 3.333333333333333 3.142857142857143 2.000000000000000 3.500000000000000 1.208333333333333 1.208333333333333 1.500000000000000 2.500000000000000 2.500000000000000 2.000000000000000 2.000000000000000 3.250000000000000 3.642857142857143 3.500000000000000 1.750000000000000 1.892857142857143 2.750000000000000 3.250000000000000 3.833333333333333 1.750000000000000 1.625000000000000 2.125000000000000 2.625000000000000 2.625000000000000 1.625000000000000 1.625000000000000
2.750000000000000 1.750000000000000 0.750000000000000 1.750000000000000 1.000000000000000 1.000000000000000 0.500000000000000 0.642857142857143 0.892857142857143 1.142857142857143 2.250000000000000 2.000000000000000 1.250000000000000 0.725000000000000 0.625000000000000 0.500000000000000 0.250000000000000 0.000000000000000 1.142857142857143 1.500000000000000 1.000000000000000 0.500000000000000 1.000000000000000 0.750000000000000 1.500000000000000 0.750000000000000 1.750000000000000 0.750000000000000 1.500000000000000 0.500000000000000 0.666666666666667 0.500000000000000 1.125000000000000 1.250000000000000 0.750000000000000 0.750000000000000 1.500000000000000 2.500000000000000 3.500000000000000 2.642857142857143 2.500000000000000 2.250000000000000 1.950000000000000 2.500000000000000 3.500000000000000 2.833333333333333 3.333333333333333 3.142857142857143 2.250000000000000 3.500000000000000 1.625000000000000 1.625000000000000 1.750000000000000 2.000000000000000 2.750000000000000 2.250000000000000 2.250000000000000 3.500000000000000 3.642857142857143 3.500000000000000 1.500000000000000 1.642857142857143 3.000000000000000 3.500000000000000 4.500000000000000 2.000000000000000 1.875000000000000 3.250000000000000 3.750000000000000 3.750000000000000 2.750000000000000 2.750000000000000
4.500000000000000 3.500000000000000 2.500000000000000 2.250000000000000 2.142857142857143 1.142857142857143 0.642857142857143 0.500000000000000 0.750000000000000 1.000000000000000 1.250000000000000 2.142857142857143 3.500000000000000 2.150000000000000 1.767857142857143 1.642857142857143 1.392857142857143 1.142857142857143 0.000000000000000 0.500000000000000 1.000000000000000 1.500000000000000 1.142857142857143 1.892857142857143 1.500000000000000 1.250000000000000 1.900000000000000 1.892857142857143 2.500000000000000 1.642857142857143 1.809523809523810 1.642857142857143 2.267857142857143 2.392857142857143 1.892857142857143 1.892857142857143 3.250000000000000 1.700000000000000 2.700000000000000 3.700000000000000 2.642857142857143 3.142857142857143 1.700000000000000 1.500000000000000 2.700000000000000 2.033333333333333 2.533333333333333 3.033333333333333 3.142857142857143 2.700000000000000 3.642857142857143 3.250000000000000 2.250000000000000 2.000000000000000 2.900000000000000 4.500000000000000 2.500000000000000 2.500000000000000 3.500000000000000 2.700000000000000 1.642857142857143 1.500000000000000 2.000000000000000 2.500000000000000 3.500000000000000 2.000000000000000 3.250000000000000 3.750000000000000 4.250000000000000 4.250000000000000 3.250000000000000 3.250000000000000
4.000000000000000 3.000000000000000 2.000000000000000 1.750000000000000 1.500000000000000 1.642857142857143 1.142857142857143 1.000000000000000 1.250000000000000 1.500000000000000 1.750000000000000 1.500000000000000 3.000000000000000 1.650000000000000 3.266666666666667 2.000000000000000 1.250000000000000 1.500000000000000 0.500000000000000 0.000000000000000 0.500000000000000 1.000000000000000 1.500000000000000 2.500000000000000 1.000000000000000 0.750000000000000 1.400000000000000 1.750000000000000 2.000000000000000 2.000000000000000 2.166666666666667 1.500000000000000 3.766666666666667 2.250000000000000 1.750000000000000 1.750000000000000 2.750000000000000 1.200000000000000 2.200000000000000 3.200000000000000 3.500000000000000 1.900000000000000 1.200000000000000 1.000000000000000 2.200000000000000 1.533333333333333 2.033333333333333 2.533333333333333 1.900000000000000 2.200000000000000 4.500000000000000 2.750000000000000 1.750000000000000 1.500000000000000 2.400000000000000 4.000000000000000 2.000000000000000 2.000000000000000 3.000000000000000 2.200000000000000 2.142857142857143 1.000000000000000 1.500000000000000 2.000000000000000 3.000000000000000 1.500000000000000 2.750000000000000 3.250000000000000 3.750000000000000 3.750000000000000 2.750000000000000 2.750000000000000
3.500000000000000 2.500000000000000 1.500000000000000 1.250000000000000 1.000000000000000 2.000000000000000 1.500000000000000 1.500000000000000 1.750000000000000 1.500000000000000 1.250000000000000 1.000000000000000 1.250000000000000 1.750000000000000 1.625000000000000 0.833333333333333 0.750000000000000 1.000000000000000 1.000000000000000 0.500000000000000 0.000000000000000 0.500000000000000 1.000000000000000 1.250000000000000 0.500000000000000 0.250000000000000 1.500000000000000 1.250000000000000 1.500000000000000 1.500000000000000 1.666666666666667 1.000000000000000 2.125000000000000 1.750000000000000 1.250000000000000 1.250000000000000 2.250000000000000 1.700000000000000 2.700000000000000 2.392857142857143 2.250000000000000 2.000000000000000 1.700000000000000 1.500000000000000 2.700000000000000 2.033333333333333 2.533333333333333 2.892857142857143 2.000000000000000 2.700000000000000 3.250000000000000 3.000000000000000 2.000000000000000 1.000000000000000 2.500000000000000 2.250000000000000 2.500000000000000 2.500000000000000 3.500000000000000 2.700000000000000 2.500000000000000 1.500000000000000 2.000000000000000 2.500000000000000 3.500000000000000 1.000000000000000 2.250000000000000 2.750000000000000 3.250000000000000 3.250000000000000 2.250000000000000 2.250000000000000
3.000000000000000 2.000000000000000 1.000000000000000 0.611111111111111 0.500000000000000 1.500000000000000 1.000000000000000 1.142857142857143 1.392857142857143 1.250000000000000 1.000000000000000 0.750000000000000 1.000000000000000 1.250000000000000 1.125000000000000 1.000000000000000 0.750000000000000 0.500000000000000 1.500000000000000 1.000000000000000 0.500000000000000 0.000000000000000 0.500000000000000 1.500000000000000 1.000000000000000 0.750000000000000 1.000000000000000 1.500000000000000 1.000000000000000 1.000000000000000 1.166666666666667 2.000000000000000 1.625000000000000 1.750000000000000 1.250000000000000 1.250000000000000 3.000000000000000 1.750000000000000 2.750000000000000 4.000000000000000 2.000000000000000 1.500000000000000 1.200000000000000 2.000000000000000 2.750000000000000 2.083333333333333 2.583333333333333 3.333333333333333 1.500000000000000 2.750000000000000 2.125000000000000 2.750000000000000 2.500000000000000 1.500000000000000 2.000000000000000 2.333333333333333 3.000000000000000 3.000000000000000 4.000000000000000 2.750000000000000 2.000000000000000 2.000000000000000 2.500000000000000 3.000000000000000 4.000000000000000 1.500000000000000 2.125000000000000 2.625000000000000 3.125000000000000 3.125000000000000 2.125000000000000 2.125000000000000
3.500000000000000 2.500000000000000 1.500000000000000 1.111111111111111 1.000000000000000 1.000000000000000 0.500000000000000 0.642857142857143 0.892857142857143 1.142857142857143 1.500000000000000 1.250000000000000 1.500000000000000 1.750000000000000 1.625000000000000 1.500000000000000 1.250000000000000 1.000000000000000 1.142857142857143 1.500000000000000 1.000000000000000 0.500000000000000 0.000000000000000 2.000000000000000 1.500000000000000 1.250000000000000 1.500000000000000 2.000000000000000 1.500000000000000 1.500000000000000 1.666666666666667 2.500000000000000 2.125000000000000 2.250000000000000 1.750000000000000 1.750000000000000 3.500000000000000 2.250000000000000 3.250000000000000 2.642857142857143 2.500000000000000 3.000000000000000 1.700000000000000 2.500000000000000 3.250000000000000 2.583333333333333 3.083333333333333 3.142857142857143 3.000000000000000 3.250000000000000 3.500000000000000 3.250000000000000 3.000000000000000 2.000000000000000 2.500000000000000 2.833333333333333 3.500000000000000 3.500000000000000 3.642857142857143 3.250000000000000 1.500000000000000 1.642857142857143 3.000000000000000 3.500000000000000 4.500000000000000 2.000000000000000 2.625000000000000 3.125000000000000 3.625000000000000 3.625000000000000 2.625000000000000 2.111111111111111
2.500000000000000 1.500000000000000 0.500000000000000 0.625000000000000 0.736111111111111 1.736111111111111 1.250000000000000 1.392857142857143 1.642857142857143 3.000000000000000 2.750000000000000 2.500000000000000 1.500000000000000 1.750000000000000 0.708333333333333 0.583333333333333 0.500000000000000 0.750000000000000 1.892857142857143 2.500000000000000 1.250000000000000 1.500000000000000 2.000000000000000 0.000000000000000 3.000000000000000 1.000000000000000 1.500000000000000 1.000000000000000 1.500000000000000 1.250000000000000 1.500000000000000 0.750000000000000 1.208333333333333 1.500000000000000 1.000000000000000 1.000000000000000 1.750000000000000 2.500000000000000 3.500000000000000 4.500000000000000 2.500000000000000 2.000000000000000 1.700000000000000 1.900000000000000 3.500000000000000 2.833333333333333 3.333333333333333 3.833333333333333 2.000000000000000 3.500000000000000 1.708333333333333 1.708333333333333 2.000000000000000 3.000000000000000 2.500000000000000 2.833333333333333 2.500000000000000 2.900000000000000 4.142857142857142 3.500000000000000 2.250000000000000 2.392857142857143 2.400000000000000 2.900000000000000 3.833333333333333 3.500000000000000 1.625000000000000 2.125000000000000 2.625000000000000 2.625000000000000 1.625000000000000 1.625000000000000
4.500000000000000 3.500000000000000 2.500000000000000 0.861111111111111 0.750000000000000 1.500000000000000 2.000000000000000 2.142857142857143 1.250000000000000 1.000000000000000 0.750000000000000 0.500000000000000 0.750000000000000 0.916666666666667 1.016666666666667 1.333333333333333 1.250000000000000 1.500000000000000 1.500000000000000 1.000000000000000 0.500000000000000 1.000000000000000 1.500000000000000 3.000000000000000 0.000000000000000 0.750000000000000 1.500000000000000 1.750000000000000 2.500000000000000 2.000000000000000 2.166666666666667 2.000000000000000 1.516666666666667 2.250000000000000 1.750000000000000 1.250000000000000 3.000000000000000 1.500000000000000 2.500000000000000 3.500000000000000 2.500000000000000 2.000000000000000 1.700000000000000 1.700000000000000 2.500000000000000 1.833333333333333 2.333333333333333 2.833333333333333 2.000000000000000 2.500000000000000 3.500000000000000 3.500000000000000 2.000000000000000 1.500000000000000 2.500000000000000 1.750000000000000 1.750000000000000 2.700000000000000 3.700000000000000 2.500000000000000 3.000000000000000 2.000000000000000 2.200000000000000 2.700000000000000 2.833333333333333 1.500000000000000 1.861111111111111 2.361111111111111 2.861111111111111 2.861111111111111 1.861111111111111 1.861111111111111
3.000000000000000 2.125000000000000 1.000000000000000 1.000000000000000 1.111111111111111 2.111111111111111 1.250000000000000 1.750000000000000 2.000000000000000 1.750000000000000 1.500000000000000 1.250000000000000 1.500000000000000 1.750000000000000 0.708333333333333 0.583333333333333 0.500000000000000 0.750000000000000 1.250000000000000 0.750000000000000 0.250000000000000 0.750000000000000 1.250000000000000 1.000000000000000 0.750000000000000 0.000000000000000 1.500000000000000 1.000000000000000 1.500000000000000 1.250000000000000 1.500000000000000 0.750000000000000 1.208333333333333 1.500000000000000 1.000000000000000 1.000000000000000 2.000000000000000 2.500000000000000 3.500000000000000 2.142857142857143 2.000000000000000 2.500000000000000 1.700000000000000 1.750000000000000 3.500000000000000 2.833333333333333 3.333333333333333 2.642857142857143 2.500000000000000 3.500000000000000 3.000000000000000 2.000000000000000 1.000000000000000 2.000000000000000 2.500000000000000 2.500000000000000 2.750000000000000 2.750000000000000 3.142857142857143 3.500000000000000 3.000000000000000 1.750000000000000 2.250000000000000 2.750000000000000 3.750000000000000 1.250000000000000 2.000000000000000 2.500000000000000 3.000000000000000 3.000000000000000 2.000000000000000 2.000000000000000
3.000000000000000 2.000000000000000 1.000000000000000 0.611111111111111 0.500000000000000 1.500000000000000 2.000000000000000 2.142857142857143 1.750000000000000 1.500000000000000 1.250000000000000 1.000000000000000 0.416666666666667 0.250000000000000 0.350000000000000 0.475000000000000 1.500000000000000 1.750000000000000 1.900000000000000 1.400000000000000 1.500000000000000 1.000000000000000 1.500000000000000 1.500000000000000 1.500000000000000 1.500000000000000 0.000000000000000 1.500000000000000 1.000000000000000 2.250000000000000 2.000000000000000 0.500000000000000 0.850000000000000 1.350000000000000 2.000000000000000 2.000000000000000 1.500000000000000 1.000000000000000 2.000000000000000 3.000000000000000 1.000000000000000 0.500000000000000 0.200000000000000 0.400000000000000 2.000000000000000 1.333333333333333 1.833333333333333 2.333333333333333 0.500000000000000 2.000000000000000 2.000000000000000 1.500000000000000 0.500000000000000 1.500000000000000 1.000000000000000 1.333333333333333 2.250000000000000 1.400000000000000 2.400000000000000 2.000000000000000 2.000000000000000 2.400000000000000 0.900000000000000 1.400000000000000 2.333333333333333 2.000000000000000 2.125000000000000 2.625000000000000 3.125000000000000 3.125000000000000 2.125000000000000 2.125000000000000
3.000000000000000 2.000000000000000 1.000000000000000 2.000000000000000 2.000000000000000 1.750000000000000 1.250000000000000 1.392857142857143 1.642857142857143 3.000000000000000 2.750000000000000 2.500000000000000 1.500000000000000 0.725000000000000 0.625000000000000 0.500000000000000 0.500000000000000 0.750000000000000 1.892857142857143 1.750000000000000 1.250000000000000 1.500000000000000 2.000000000000000 1.000000000000000 1.750000000000000 1.000000000000000 1.500000000000000 0.000000000000000 0.500000000000000 0.666666666666667 0.500000000000000 0.750000000000000 1.125000000000000 1.500000000000000 1.000000000000000 1.000000000000000 1.750000000000000 2.500000000000000 3.500000000000000 4.500000000000000 2.500000000000000 2.000000000000000 1.700000000000000 1.900000000000000 3.500000000000000 2.833333333333333 3.333333333333333 3.833333333333333 2.000000000000000 3.500000000000000 1.625000000000000 1.625000000000000 2.000000000000000 3.000000000000000 2.500000000000000 2.500000000000000 2.500000000000000 2.900000000000000 4.142857142857142 3.500000000000000 2.250000000000000 2.392857142857143 2.400000000000000 2.900000000000000 3.833333333333333 2.250000000000000 2.125000000000000 2.625000000000000 4.000000000000000 4.000000000000000 3.000000000000000 3.000000000000000
4.000000000000000 3.000000000000000 2.000000000000000 1.611111111111111 1.500000000000000 2.500000000000000 2.000000000000000 2.142857142857143 2.392857142857143 2.500000000000000 2.250000000000000 2.000000000000000 1.416666666666667 1.250000000000000 1.125000000000000 1.000000000000000 1.000000000000000 1.500000000000000 2.500000000000000 2.000000000000000 1.500000000000000 1.000000000000000 1.500000000000000 1.500000000000000 2.500000000000000 1.500000000000000 1.000000000000000 0.500000000000000 0.000000000000000 2.000000000000000 1.000000000000000 1.500000000000000 1.625000000000000 2.000000000000000 1.500000000000000 1.500000000000000 2.500000000000000 2.000000000000000 3.000000000000000 4.000000000000000 2.000000000000000 1.500000000000000 1.200000000000000 2.200000000000000 3.000000000000000 2.333333333333333 2.833333333333333 3.333333333333333 1.500000000000000 3.000000000000000 2.125000000000000 2.500000000000000 1.500000000000000 2.500000000000000 2.000000000000000 2.333333333333333 2.416666666666667 3.200000000000000 3.400000000000000 3.000000000000000 3.000000000000000 3.000000000000000 2.700000000000000 3.200000000000000 3.333333333333333 3.000000000000000 3.125000000000000 3.625000000000000 4.125000000000000 4.125000000000000 2.611111111111111 2.611111111111111
3.250000000000000 2.250000000000000 1.250000000000000 2.250000000000000 1.500000000000000 1.500000000000000 1.000000000000000 1.142857142857143 1.392857142857143 1.642857142857143 2.750000000000000 2.500000000000000 1.750000000000000 1.225000000000000 1.125000000000000 1.000000000000000 0.750000000000000 0.500000000000000 1.642857142857143 2.000000000000000 1.500000000000000 1.000000000000000 1.500000000000000 1.250000000000000 2.000000000000000 1.250000000000000 2.250000000000000 0.666666666666667 2.000000000000000 0.000000000000000 0.166666666666667 1.000000000000000 1.625000000000000 1.750000000000000 1.250000000000000 1.250000000000000 2.000000000000000 3.000000000000000 4.000000000000000 3.142857142857143 3.000000000000000 2.750000000000000 2.450000000000000 3.000000000000000 4.000000000000000 3.333333333333333 3.833333333333333 3.642857142857143 2.750000000000000 4.000000000000000 2.125000000000000 2.125000000000000 2.250000000000000 2.500000000000000 3.250000000000000 2.750000000000000 2.750000000000000 4.000000000000000 4.142857142857142 4.000000000000000 2.000000000000000 2.142857142857143 3.500000000000000 4.000000000000000 5.000000000000000 2.500000000000000 2.375000000000000 3.750000000000000 4.250000000000000 4.250000000000000 3.250000000000000 3.250000000000000
