0.000000000000000 1.000000000000000 2.000000000000000 3.000000000000000 3.500000000000000 3.100000000000000 3.266666666666667 3.583333333333333 3.333333333333333 3.666666666666667 3.600000000000000 3.500000000000000 3.250000000000000 3.000000000000000 3.600000000000000 2.933333333333334 2.600000000000000 2.100000000000000 2.600000000000000 2.500000000000000 3.500000000000000 2.500000000000000 2.666666666666667 3.166666666666667 3.666666666666667 4.000000000000000 4.000000000000000 3.000000000000000 3.000000000000000 3.000000000000000 4.100000000000000 2.683333333333334 4.500000000000000 2.433333333333334 2.633333333333334 2.776190476190477 3.766666666666667 3.016666666666667 2.350000000000000 3.776190476190477 4.276190476190477 4.600000000000000 3.350000000000000 3.100000000000000 4.666666666666666 4.500000000000000 4.500000000000000 3.600000000000000 4.600000000000000 4.333333333333334 4.666666666666666 4.500000000000000 5.000000000000000 5.500000000000000 6.500000000000000
1.000000000000000 0.000000000000000 1.000000000000000 2.000000000000000 2.500000000000000 2.100000000000000 2.266666666666667 2.583333333333333 3.000000000000000 2.666666666666667 2.600000000000000 1.625000000000000 2.250000000000000 2.000000000000000 2.600000000000000 1.933333333333333 1.600000000000000 1.100000000000000 1.600000000000000 1.500000000000000 1.600000000000000 1.500000000000000 1.666666666666667 2.166666666666667 2.666666666666667 3.000000000000000 3.000000000000000 2.000000000000000 2.000000000000000 2.000000000000000 3.100000000000000 1.683333333333333 3.500000000000000 1.433333333333333 1.633333333333333 1.776190476190476 2.766666666666667 2.016666666666667 1.350000000000000 2.776190476190476 3.276190476190476 3.600000000000000 2.350000000000000 2.100000000000000 3.666666666666667 3.500000000000000 3.500000000000000 2.600000000000000 3.600000000000000 3.333333333333333 3.666666666666667 3.500000000000000 4.000000000000000 4.500000000000000 5.500000000000000
2.000000000000000 1.000000000000000 0.000000000000000 1.000000000000000 1.500000000000000 1.100000000000000 1.266666666666667 1.583333333333333 1.333333333333333 1.666666666666667 1.600000000000000 1.500000000000000 1.250000000000000 1.000000000000000 1.600000000000000 0.933333333333333 0.600000000000000 0.100000000000000 0.600000000000000 0.500000000000000 1.500000000000000 0.500000000000000 0.666666666666667 1.166666666666667 1.666666666666667 2.000000000000000 2.000000000000000 1.000000000000000 1.000000000000000 1.000000000000000 2.100000000000000 0.683333333333333 2.500000000000000 0.433333333333333 0.633333333333333 0.776190476190476 1.766666666666667 1.016666666666667 0.350000000000000 1.776190476190476 2.276190476190476 2.600000000000000 1.350000000000000 1.100000000000000 2.666666666666667 2.500000000000000 2.500000000000000 1.600000000000000 2.600000000000000 2.333333333333333 2.666666666666667 2.500000000000000 3.000000000000000 3.500000000000000 4.500000000000000
3.000000000000000 2.000000000000000 1.000000000000000 0.000000000000000 0.500000000000000 0.642857142857143 0.809523809523809 1.250000000000000 1.000000000000000 1.250000000000000 0.600000000000000 1.625000000000000 1.250000000000000 1.000000000000000 1.142857142857143 1.933333333333333 1.600000000000000 1.333333333333333 1.000000000000000 1.500000000000000 1.600000000000000 1.500000000000000 1.666666666666667 2.166666666666667 2.666666666666667 2.125000000000000 2.100000000000000 2.000000000000000 2.000000000000000 2.000000000000000 1.642857142857143 2.000000000000000 1.500000000000000 1.433333333333333 1.366666666666666 1.666666666666667 1.309523809523809 2.333333333333333 1.350000000000000 2.666666666666667 3.166666666666667 1.600000000000000 1.600000000000000 2.333333333333333 2.250000000000000 1.500000000000000 1.500000000000000 2.500000000000000 2.142857142857143 2.000000000000000 3.000000000000000 1.666666666666667 2.166666666666667 2.666666666666667 3.666666666666667
3.500000000000000 2.500000000000000 1.500000000000000 0.500000000000000 0.000000000000000 0.142857142857143 0.309523809523810 0.559523809523810 0.416666666666667 0.166666666666667 0.100000000000000 0.225000000000000 0.750000000000000 0.500000000000000 0.642857142857143 0.976190476190476 0.750000000000000 0.250000000000000 0.500000000000000 0.666666666666667 1.000000000000000 2.000000000000000 2.166666666666667 2.666666666666667 1.225000000000000 0.725000000000000 1.500000000000000 1.166666666666667 0.666666666666667 2.500000000000000 1.142857142857143 1.500000000000000 1.000000000000000 0.666666666666667 0.866666666666667 1.166666666666667 0.809523809523810 1.833333333333333 0.500000000000000 2.166666666666667 2.666666666666667 1.100000000000000 1.100000000000000 1.250000000000000 1.166666666666667 1.000000000000000 1.000000000000000 2.000000000000000 2.166666666666667 1.416666666666667 1.166666666666667 1.166666666666667 1.666666666666667 2.166666666666667 3.166666666666667
3.100000000000000 2.100000000000000 1.100000000000000 0.642857142857143 0.142857142857143 0.000000000000000 0.166666666666667 0.416666666666667 1.000000000000000 1.250000000000000 0.242857142857143 0.367857142857143 0.892857142857143 0.642857142857143 0.500000000000000 0.833333333333333 1.500000000000000 1.000000000000000 1.500000000000000 0.809523809523809 1.500000000000000 1.600000000000000 1.766666666666667 2.266666666666667 1.367857142857143 0.867857142857143 2.000000000000000 2.500000000000000 1.750000000000000 2.000000000000000 1.000000000000000 2.000000000000000 1.142857142857143 1.333333333333333 1.533333333333333 0.500000000000000 0.666666666666667 1.166666666666667 1.250000000000000 1.500000000000000 2.000000000000000 1.242857142857143 1.242857142857143 2.000000000000000 2.250000000000000 1.142857142857143 1.142857142857143 2.142857142857143 1.500000000000000 2.000000000000000 3.000000000000000 2.250000000000000 2.750000000000000 3.250000000000000 4.250000000000000
3.266666666666667 2.266666666666667 1.266666666666667 0.809523809523809 0.309523809523810 0.166666666666667 0.000000000000000 0.250000000000000 0.500000000000000 1.333333333333333 0.409523809523810 0.534523809523810 1.059523809523810 0.809523809523810 0.333333333333333 0.666666666666667 1.000000000000000 1.166666666666667 1.666666666666667 0.976190476190476 1.666666666666667 1.766666666666667 1.933333333333334 2.433333333333334 1.534523809523809 1.034523809523809 2.166666666666667 2.666666666666667 1.833333333333333 1.500000000000000 1.166666666666667 0.833333333333333 1.333333333333333 1.833333333333333 0.476190476190476 0.333333333333333 0.500000000000000 1.000000000000000 1.166666666666667 1.333333333333333 1.833333333333333 2.333333333333333 1.409523809523809 2.166666666666667 2.333333333333333 1.309523809523810 1.309523809523810 0.976190476190476 1.333333333333333 1.500000000000000 2.333333333333333 2.333333333333333 2.833333333333333 3.333333333333333 4.333333333333333
3.583333333333333 2.583333333333333 1.583333333333333 1.250000000000000 0.559523809523810 0.416666666666667 0.250000000000000 0.000000000000000 0.250000000000000 0.500000000000000 1.850000000000000 1.083333333333333 0.833333333333333 0.583333333333333 0.583333333333333 0.916666666666667 1.083333333333333 0.583333333333333 1.083333333333333 0.750000000000000 1.083333333333333 2.750000000000000 2.916666666666667 3.416666666666667 2.083333333333333 1.583333333333333 1.583333333333333 1.250000000000000 1.000000000000000 1.250000000000000 1.416666666666667 1.083333333333333 1.500000000000000 1.000000000000000 0.726190476190476 0.583333333333333 0.750000000000000 1.583333333333333 0.833333333333333 1.583333333333333 2.083333333333333 2.583333333333333 1.833333333333333 1.500000000000000 1.500000000000000 1.833333333333333 2.750000000000000 1.226190476190476 1.583333333333333 1.250000000000000 1.500000000000000 1.500000000000000 2.000000000000000 2.500000000000000 3.500000000000000
3.333333333333333 3.000000000000000 1.333333333333333 1.000000000000000 0.416666666666667 1.000000000000000 0.500000000000000 0.250000000000000 0.000000000000000 0.250000000000000 1.600000000000000 0.833333333333333 0.583333333333333 0.333333333333333 1.500000000000000 1.833333333333333 0.833333333333333 0.333333333333333 0.833333333333333 0.500000000000000 0.833333333333333 2.500000000000000 2.666666666666667 3.166666666666667 1.833333333333333 1.333333333333333 1.333333333333333 1.000000000000000 0.750000000000000 1.000000000000000 2.000000000000000 3.000000000000000 1.250000000000000 0.750000000000000 0.950000000000000 1.250000000000000 1.666666666666667 2.250000000000000 0.583333333333333 2.250000000000000 2.750000000000000 3.250000000000000 1.583333333333333 1.333333333333333 1.250000000000000 1.583333333333333 2.500000000000000 1.833333333333333 2.250000000000000 1.000000000000000 2.000000000000000 1.250000000000000 1.750000000000000 2.250000000000000 3.250000000000000
3.666666666666667 2.666666666666667 1.666666666666667 1.250000000000000 0.166666666666667 1.250000000000000 1.333333333333333 0.500000000000000 0.250000000000000 0.000000000000000 0.266666666666667 0.391666666666667 0.916666666666667 0.666666666666667 2.000000000000000 2.333333333333333 1.083333333333333 0.583333333333333 0.666666666666667 1.000000000000000 2.000000000000000 2.166666666666667 2.333333333333333 2.833333333333333 1.391666666666667 0.891666666666667 2.500000000000000 1.500000000000000 0.500000000000000 1.250000000000000 1.309523809523810 1.500000000000000 1.000000000000000 0.500000000000000 0.700000000000000 1.000000000000000 1.833333333333333 2.000000000000000 1.833333333333333 2.000000000000000 2.500000000000000 3.000000000000000 1.266666666666667 1.000000000000000 1.000000000000000 1.333333333333333 1.166666666666667 2.166666666666667 2.000000000000000 1.250000000000000 1.000000000000000 1.000000000000000 1.500000000000000 2.000000000000000 3.000000000000000
3.600000000000000 2.600000000000000 1.600000000000000 0.600000000000000 0.100000000000000 0.242857142857143 0.409523809523810 1.850000000000000 1.600000000000000 0.266666666666667 0.000000000000000 0.125000000000000 0.375000000000000 0.600000000000000 0.742857142857143 1.076190476190476 0.850000000000000 0.350000000000000 0.600000000000000 0.250000000000000 0.500000000000000 2.100000000000000 2.266666666666667 1.625000000000000 1.125000000000000 0.625000000000000 1.000000000000000 1.500000000000000 0.750000000000000 2.600000000000000 1.242857142857143 1.600000000000000 1.100000000000000 0.766666666666667 0.966666666666667 1.266666666666667 0.909523809523810 2.266666666666667 2.000000000000000 2.000000000000000 2.500000000000000 1.000000000000000 1.000000000000000 1.350000000000000 1.266666666666667 1.100000000000000 1.100000000000000 2.100000000000000 1.742857142857143 2.600000000000000 1.266666666666667 1.500000000000000 2.000000000000000 2.500000000000000 3.500000000000000
3.500000000000000 1.625000000000000 1.500000000000000 1.625000000000000 0.225000000000000 0.367857142857143 0.534523809523810 1.083333333333333 0.833333333333333 0.391666666666667 0.125000000000000 0.000000000000000 0.250000000000000 0.500000000000000 0.867857142857143 1.833333333333333 1.500000000000000 1.000000000000000 1.500000000000000 0.125000000000000 1.000000000000000 1.125000000000000 1.291666666666667 1.500000000000000 1.000000000000000 0.500000000000000 1.500000000000000 0.625000000000000 0.625000000000000 1.625000000000000 1.367857142857143 1.725000000000000 1.225000000000000 1.333333333333333 1.533333333333333 2.083333333333333 1.034523809523809 2.058333333333334 1.250000000000000 2.125000000000000 2.625000000000000 1.125000000000000 1.125000000000000 2.000000000000000 1.391666666666667 1.225000000000000 1.225000000000000 2.225000000000000 3.083333333333333 1.833333333333333 1.391666666666667 1.625000000000000 2.500000000000000 3.000000000000000 4.000000000000000
3.250000000000000 2.250000000000000 1.250000000000000 1.250000000000000 0.750000000000000 0.892857142857143 1.059523809523810 0.833333333333333 0.583333333333333 0.916666666666667 0.375000000000000 0.250000000000000 0.000000000000000 0.250000000000000 1.392857142857143 1.583333333333333 1.250000000000000 0.750000000000000 1.250000000000000 0.375000000000000 0.750000000000000 1.750000000000000 1.916666666666667 1.750000000000000 1.250000000000000 0.750000000000000 1.250000000000000 0.875000000000000 0.875000000000000 1.583333333333333 1.892857142857143 2.250000000000000 1.750000000000000 1.083333333333333 1.283333333333333 1.916666666666667 1.559523809523810 2.916666666666667 1.000000000000000 2.375000000000000 2.875000000000000 1.375000000000000 1.375000000000000 1.750000000000000 1.833333333333333 1.750000000000000 1.750000000000000 2.750000000000000 2.392857142857143 1.583333333333333 2.583333333333333 1.750000000000000 2.250000000000000 2.750000000000000 3.750000000000000
3.000000000000000 2.000000000000000 1.000000000000000 1.000000000000000 0.500000000000000 0.642857142857143 0.809523809523810 0.583333333333333 0.333333333333333 0.666666666666667 0.600000000000000 0.500000000000000 0.250000000000000 0.000000000000000 1.142857142857143 1.333333333333333 1.000000000000000 0.500000000000000 1.000000000000000 0.166666666666667 0.500000000000000 1.500000000000000 1.666666666666667 2.166666666666667 1.500000000000000 1.000000000000000 1.000000000000000 0.666666666666667 0.666666666666667 2.000000000000000 1.642857142857143 2.000000000000000 1.500000000000000 0.833333333333333 1.033333333333333 1.666666666666667 1.309523809523809 2.666666666666667 0.750000000000000 2.666666666666667 3.166666666666667 1.600000000000000 1.600000000000000 1.500000000000000 1.583333333333333 1.500000000000000 1.500000000000000 2.500000000000000 2.142857142857143 1.333333333333333 2.333333333333333 1.500000000000000 2.000000000000000 2.500000000000000 3.500000000000000
3.600000000000000 2.600000000000000 1.600000000000000 1.142857142857143 0.642857142857143 0.500000000000000 0.333333333333333 0.583333333333333 1.500000000000000 2.000000000000000 0.742857142857143 0.867857142857143 1.392857142857143 1.142857142857143 0.000000000000000 0.333333333333333 0.666666666666667 1.500000000000000 2.000000000000000 3.000000000000000 2.000000000000000 2.100000000000000 2.266666666666667 2.766666666666667 1.867857142857143 1.367857142857143 2.500000000000000 3.500000000000000 2.500000000000000 2.500000000000000 1.500000000000000 0.500000000000000 1.000000000000000 2.500000000000000 1.142857142857143 1.000000000000000 0.833333333333333 0.833333333333333 0.833333333333333 2.000000000000000 2.500000000000000 3.000000000000000 1.833333333333333 2.500000000000000 3.000000000000000 1.642857142857143 1.642857142857143 1.642857142857143 1.000000000000000 2.500000000000000 3.000000000000000 3.000000000000000 3.500000000000000 4.000000000000000 5.000000000000000
2.933333333333334 1.933333333333333 0.933333333333333 1.933333333333333 0.976190476190476 0.833333333333333 0.666666666666667 0.916666666666667 1.833333333333333 2.333333333333333 1.076190476190476 1.833333333333333 1.583333333333333 1.333333333333333 0.333333333333333 0.000000000000000 0.333333333333333 0.833333333333333 1.333333333333333 1.500000000000000 1.333333333333333 1.433333333333333 1.600000000000000 2.100000000000000 2.833333333333333 2.333333333333333 1.833333333333333 2.333333333333333 2.833333333333333 1.933333333333333 1.833333333333333 0.833333333333333 1.333333333333333 1.166666666666667 1.476190476190476 1.333333333333333 1.166666666666667 1.166666666666667 1.166666666666667 2.333333333333333 2.833333333333333 3.333333333333333 2.166666666666667 1.833333333333333 3.333333333333333 1.976190476190476 2.333333333333333 1.333333333333333 1.333333333333333 2.166666666666667 3.333333333333333 3.333333333333333 3.833333333333333 4.333333333333333 5.333333333333333
2.600000000000000 1.600000000000000 0.600000000000000 1.600000000000000 0.750000000000000 1.500000000000000 1.000000000000000 1.083333333333333 0.833333333333333 1.083333333333333 0.850000000000000 1.500000000000000 1.250000000000000 1.000000000000000 0.666666666666667 0.333333333333333 0.000000000000000 0.500000000000000 1.000000000000000 1.100000000000000 1.000000000000000 1.100000000000000 1.266666666666667 1.766666666666667 2.500000000000000 2.000000000000000 1.500000000000000 1.600000000000000 1.583333333333333 1.600000000000000 2.500000000000000 1.166666666666667 1.750000000000000 0.833333333333333 1.500000000000000 1.666666666666667 1.500000000000000 1.500000000000000 0.750000000000000 2.642857142857143 3.166666666666667 1.850000000000000 1.750000000000000 1.500000000000000 2.083333333333333 1.750000000000000 2.000000000000000 1.000000000000000 1.666666666666667 1.833333333333333 2.833333333333333 2.000000000000000 2.500000000000000 3.000000000000000 4.000000000000000
2.100000000000000 1.100000000000000 0.100000000000000 1.333333333333333 0.250000000000000 1.000000000000000 1.166666666666667 0.583333333333333 0.333333333333333 0.583333333333333 0.350000000000000 1.000000000000000 0.750000000000000 0.500000000000000 1.500000000000000 0.833333333333333 0.500000000000000 0.000000000000000 0.500000000000000 0.666666666666667 0.500000000000000 0.600000000000000 0.766666666666667 1.266666666666667 2.000000000000000 1.500000000000000 1.000000000000000 1.500000000000000 1.166666666666667 1.100000000000000 2.000000000000000 0.583333333333333 1.250000000000000 0.333333333333333 0.533333333333333 0.676190476190476 1.666666666666667 0.916666666666667 0.250000000000000 1.676190476190476 2.176190476190476 1.350000000000000 1.250000000000000 1.000000000000000 1.583333333333333 1.250000000000000 1.250000000000000 1.500000000000000 2.500000000000000 1.333333333333333 2.333333333333333 1.500000000000000 2.000000000000000 2.500000000000000 3.500000000000000
2.600000000000000 1.600000000000000 0.600000000000000 1.000000000000000 0.500000000000000 1.500000000000000 1.666666666666667 1.083333333333333 0.833333333333333 0.666666666666667 0.600000000000000 1.500000000000000 1.250000000000000 1.000000000000000 2.000000000000000 1.333333333333333 1.000000000000000 0.500000000000000 0.000000000000000 1.100000000000000 1.000000000000000 1.100000000000000 1.266666666666667 1.766666666666667 2.500000000000000 2.000000000000000 1.500000000000000 2.000000000000000 1.166666666666667 1.600000000000000 1.642857142857143 1.083333333333333 1.500000000000000 0.833333333333333 1.033333333333333 1.666666666666667 2.166666666666667 1.416666666666667 0.750000000000000 2.666666666666667 3.166666666666667 1.600000000000000 1.600000000000000 1.500000000000000 1.666666666666667 1.500000000000000 1.500000000000000 2.500000000000000 3.000000000000000 1.833333333333333 1.666666666666667 1.000000000000000 1.500000000000000 2.000000000000000 3.000000000000000
2.500000000000000 1.500000000000000 0.500000000000000 1.500000000000000 0.666666666666667 0.809523809523809 0.976190476190476 0.750000000000000 0.500000000000000 1.000000000000000 0.250000000000000 0.125000000000000 0.375000000000000 0.166666666666667 3.000000000000000 1.500000000000000 1.100000000000000 0.666666666666667 1.100000000000000 0.000000000000000 0.666666666666667 1.000000000000000 1.166666666666667 1.666666666666667 1.125000000000000 0.625000000000000 1.000000000000000 0.500000000000000 0.500000000000000 1.500000000000000 1.809523809523810 2.500000000000000 2.000000000000000 1.500000000000000 1.200000000000000 2.000000000000000 1.476190476190476 3.000000000000000 0.850000000000000 2.250000000000000 2.750000000000000 1.250000000000000 1.250000000000000 1.600000000000000 2.000000000000000 1.666666666666667 1.666666666666667 2.666666666666667 3.000000000000000 1.500000000000000 2.000000000000000 1.666666666666667 2.500000000000000 3.000000000000000 4.000000000000000
3.500000000000000 1.600000000000000 1.500000000000000 1.600000000000000 1.000000000000000 1.500000000000000 1.666666666666667 1.083333333333333 0.833333333333333 2.000000000000000 0.500000000000000 1.000000000000000 0.750000000000000 0.500000000000000 2.000000000000000 1.333333333333333 1.000000000000000 0.500000000000000 1.000000000000000 0.666666666666667 0.000000000000000 1.100000000000000 1.266666666666667 1.766666666666667 1.625000000000000 1.125000000000000 0.500000000000000 1.000000000000000 1.166666666666667 1.600000000000000 2.500000000000000 1.083333333333333 3.000000000000000 0.833333333333333 1.033333333333333 3.000000000000000 2.166666666666667 1.416666666666667 0.750000000000000 2.500000000000000 3.000000000000000 1.500000000000000 1.500000000000000 1.500000000000000 3.000000000000000 1.600000000000000 1.600000000000000 2.000000000000000 3.000000000000000 1.833333333333333 3.000000000000000 1.000000000000000 1.500000000000000 2.000000000000000 3.000000000000000
2.500000000000000 1.500000000000000 0.500000000000000 1.500000000000000 2.000000000000000 1.600000000000000 1.766666666666667 2.750000000000000 2.500000000000000 2.166666666666667 2.100000000000000 1.125000000000000 1.750000000000000 1.500000000000000 2.100000000000000 1.433333333333333 1.100000000000000 0.600000000000000 1.100000000000000 1.000000000000000 1.100000000000000 0.000000000000000 0.166666666666667 0.666666666666667 1.166666666666667 1.666666666666667 2.500000000000000 1.500000000000000 1.500000000000000 1.500000000000000 2.600000000000000 1.183333333333333 3.000000000000000 0.933333333333333 1.133333333333333 1.276190476190476 2.266666666666667 1.516666666666667 0.850000000000000 2.276190476190476 2.776190476190476 3.100000000000000 1.850000000000000 1.600000000000000 3.166666666666667 3.000000000000000 3.000000000000000 2.100000000000000 3.100000000000000 2.833333333333333 3.166666666666667 3.000000000000000 3.500000000000000 4.000000000000000 5.000000000000000
2.666666666666667 1.666666666666667 0.666666666666667 1.666666666666667 2.166666666666667 1.766666666666667 1.933333333333334 2.916666666666667 2.666666666666667 2.333333333333333 2.266666666666667 1.291666666666667 1.916666666666667 1.666666666666667 2.266666666666667 1.600000000000000 1.266666666666667 0.766666666666667 1.266666666666667 1.166666666666667 1.266666666666667 0.166666666666667 0.000000000000000 0.500000000000000 1.000000000000000 1.500000000000000 2.666666666666667 1.666666666666667 1.666666666666667 1.666666666666667 2.766666666666667 1.350000000000000 3.166666666666667 1.100000000000000 1.300000000000000 1.442857142857143 2.433333333333334 1.683333333333333 1.016666666666667 2.442857142857143 2.942857142857143 3.266666666666667 2.016666666666667 1.766666666666667 3.333333333333333 3.166666666666667 3.166666666666667 2.266666666666667 3.266666666666667 3.000000000000000 3.333333333333333 3.166666666666667 3.666666666666667 4.166666666666666 5.166666666666666
3.166666666666667 2.166666666666667 1.166666666666667 2.166666666666667 2.666666666666667 2.266666666666667 2.433333333333334 3.416666666666667 3.166666666666667 2.833333333333333 1.625000000000000 1.500000000000000 1.750000000000000 2.166666666666667 2.766666666666667 2.100000000000000 1.766666666666667 1.266666666666667 1.766666666666667 1.666666666666667 1.766666666666667 0.666666666666667 0.500000000000000 0.000000000000000 0.500000000000000 1.000000000000000 3.166666666666667 2.166666666666667 2.166666666666667 2.166666666666667 3.266666666666667 1.850000000000000 3.666666666666667 1.600000000000000 1.800000000000000 1.942857142857143 2.933333333333333 2.183333333333333 1.516666666666667 3.625000000000000 4.125000000000000 2.625000000000000 2.625000000000000 2.266666666666667 3.833333333333333 3.666666666666667 3.666666666666667 2.766666666666667 3.766666666666667 3.500000000000000 3.833333333333333 3.666666666666667 4.166666666666666 4.666666666666666 5.666666666666666
3.666666666666667 2.666666666666667 1.666666666666667 2.666666666666667 1.225000000000000 1.367857142857143 1.534523809523809 2.083333333333333 1.833333333333333 1.391666666666667 1.125000000000000 1.000000000000000 1.250000000000000 1.500000000000000 1.867857142857143 2.833333333333333 2.500000000000000 2.000000000000000 2.500000000000000 1.125000000000000 1.625000000000000 1.166666666666667 1.000000000000000 0.500000000000000 0.000000000000000 0.500000000000000 2.500000000000000 1.625000000000000 1.625000000000000 2.666666666666667 2.367857142857143 2.725000000000000 2.225000000000000 2.333333333333333 2.533333333333334 3.083333333333333 2.034523809523810 3.391666666666667 2.250000000000000 3.125000000000000 3.625000000000000 2.125000000000000 2.125000000000000 3.000000000000000 2.391666666666667 2.225000000000000 2.225000000000000 3.225000000000000 4.083333333333333 2.833333333333333 2.391666666666667 2.625000000000000 3.500000000000000 4.000000000000000 5.000000000000000
4.000000000000000 3.000000000000000 2.000000000000000 2.125000000000000 0.725000000000000 0.867857142857143 1.034523809523809 1.583333333333333 1.333333333333333 0.891666666666667 0.625000000000000 0.500000000000000 0.750000000000000 1.000000000000000 1.367857142857143 2.333333333333333 2.000000000000000 1.500000000000000 2.000000000000000 0.625000000000000 1.125000000000000 1.666666666666667 1.500000000000000 1.000000000000000 0.500000000000000 0.000000000000000 2.000000000000000 1.125000000000000 1.125000000000000 2.125000000000000 1.867857142857143 2.225000000000000 1.725000000000000 1.833333333333333 2.033333333333333 2.583333333333333 1.534523809523810 2.558333333333334 1.750000000000000 2.625000000000000 3.125000000000000 1.625000000000000 1.625000000000000 2.500000000000000 1.891666666666667 1.725000000000000 1.725000000000000 2.725000000000000 3.583333333333333 2.333333333333333 1.891666666666667 2.125000000000000 3.000000000000000 3.500000000000000 4.500000000000000
4.000000000000000 3.000000000000000 2.000000000000000 2.100000000000000 1.500000000000000 2.000000000000000 2.166666666666667 1.583333333333333 1.333333333333333 2.500000000000000 1.000000000000000 1.500000000000000 1.250000000000000 1.000000000000000 2.500000000000000 1.833333333333333 1.500000000000000 1.000000000000000 1.500000000000000 1.000000000000000 0.500000000000000 2.500000000000000 2.666666666666667 3.166666666666667 2.500000000000000 2.000000000000000 0.000000000000000 0.500000000000000 1.500000000000000 2.100000000000000 3.000000000000000 1.583333333333333 3.500000000000000 1.333333333333333 1.533333333333333 3.500000000000000 2.666666666666667 1.916666666666667 1.250000000000000 3.000000000000000 3.500000000000000 2.000000000000000 2.000000000000000 2.000000000000000 3.500000000000000 2.100000000000000 2.100000000000000 2.500000000000000 3.500000000000000 2.333333333333333 3.500000000000000 1.500000000000000 2.000000000000000 2.500000000000000 3.500000000000000
3.000000000000000 2.000000000000000 1.000000000000000 2.000000000000000 1.166666666666667 2.500000000000000 2.666666666666667 1.250000000000000 1.000000000000000 1.500000000000000 1.500000000000000 0.625000000000000 0.875000000000000 0.666666666666667 3.500000000000000 2.333333333333333 1.600000000000000 1.500000000000000 2.000000000000000 0.500000000000000 1.000000000000000 1.500000000000000 1.666666666666667 2.166666666666667 1.625000000000000 1.125000000000000 0.500000000000000 0.000000000000000 1.000000000000000 2.000000000000000 3.500000000000000 3.000000000000000 2.500000000000000 2.000000000000000 2.033333333333333 2.500000000000000 1.976190476190476 3.500000000000000 1.350000000000000 3.500000000000000 4.000000000000000 1.750000000000000 1.750000000000000 2.100000000000000 2.500000000000000 2.166666666666667 2.166666666666667 3.000000000000000 3.500000000000000 2.000000000000000 2.500000000000000 2.000000000000000 2.500000000000000 3.000000000000000 4.000000000000000
3.000000000000000 2.000000000000000 1.000000000000000 2.000000000000000 0.666666666666667 1.750000000000000 1.833333333333333 1.000000000000000 0.750000000000000 0.500000000000000 0.750000000000000 0.625000000000000 0.875000000000000 0.666666666666667 2.500000000000000 2.833333333333333 1.583333333333333 1.166666666666667 1.166666666666667 0.500000000000000 1.166666666666667 1.500000000000000 1.666666666666667 2.166666666666667 1.625000000000000 1.125000000000000 1.500000000000000 1.000000000000000 0.000000000000000 2.000000000000000 1.809523809523810 2.000000000000000 1.500000000000000 1.000000000000000 1.200000000000000 1.500000000000000 2.333333333333333 2.500000000000000 2.333333333333333 2.500000000000000 3.000000000000000 3.500000000000000 1.766666666666667 1.500000000000000 1.500000000000000 1.666666666666667 1.666666666666667 2.666666666666667 2.500000000000000 1.750000000000000 1.500000000000000 1.500000000000000 2.000000000000000 2.500000000000000 3.500000000000000
3.000000000000000 2.000000000000000 1.000000000000000 2.000000000000000 2.500000000000000 2.000000000000000 1.500000000000000 1.250000000000000 1.000000000000000 1.250000000000000 2.600000000000000 1.625000000000000 1.583333333333333 2.000000000000000 2.500000000000000 1.933333333333333 1.600000000000000 1.100000000000000 1.600000000000000 1.500000000000000 1.600000000000000 1.500000000000000 1.666666666666667 2.166666666666667 2.666666666666667 2.125000000000000 2.100000000000000 2.000000000000000 2.000000000000000 0.000000000000000 3.000000000000000 4.000000000000000 2.250000000000000 1.433333333333333 1.950000000000000 2.250000000000000 2.666666666666667 3.250000000000000 1.350000000000000 3.250000000000000 3.750000000000000 4.250000000000000 2.350000000000000 2.100000000000000 2.250000000000000 2.583333333333333 3.500000000000000 2.600000000000000 3.250000000000000 2.000000000000000 2.250000000000000 2.250000000000000 2.750000000000000 3.250000000000000 4.250000000000000
4.100000000000000 3.100000000000000 2.100000000000000 1.642857142857143 1.142857142857143 1.000000000000000 1.166666666666667 1.416666666666667 2.000000000000000 1.309523809523810 1.242857142857143 1.367857142857143 1.892857142857143 1.642857142857143 1.500000000000000 1.833333333333333 2.500000000000000 2.000000000000000 1.642857142857143 1.809523809523810 2.500000000000000 2.600000000000000 2.766666666666667 3.266666666666667 2.367857142857143 1.867857142857143 3.000000000000000 3.500000000000000 1.809523809523810 3.000000000000000 0.000000000000000 1.000000000000000 1.500000000000000 2.333333333333333 2.142857142857143 2.000000000000000 1.666666666666667 1.333333333333333 1.333333333333333 3.000000000000000 3.500000000000000 4.000000000000000 2.333333333333333 3.000000000000000 3.250000000000000 2.142857142857143 2.142857142857143 3.142857142857143 2.500000000000000 3.000000000000000 4.000000000000000 3.250000000000000 3.750000000000000 4.250000000000000 5.250000000000000
2.683333333333334 1.683333333333333 0.683333333333333 2.000000000000000 1.500000000000000 2.000000000000000 0.833333333333333 1.083333333333333 3.000000000000000 1.500000000000000 1.600000000000000 1.725000000000000 2.250000000000000 2.000000000000000 0.500000000000000 0.833333333333333 1.166666666666667 0.583333333333333 1.083333333333333 2.500000000000000 1.083333333333333 1.183333333333333 1.350000000000000 1.850000000000000 2.725000000000000 2.225000000000000 1.583333333333333 3.000000000000000 2.000000000000000 4.000000000000000 1.000000000000000 0.000000000000000 0.500000000000000 2.000000000000000 1.142857142857143 1.000000000000000 0.833333333333333 0.333333333333333 0.333333333333333 2.000000000000000 2.500000000000000 3.000000000000000 1.333333333333333 1.583333333333333 2.500000000000000 2.500000000000000 2.500000000000000 1.642857142857143 2.000000000000000 4.000000000000000 2.500000000000000 2.500000000000000 3.000000000000000 3.500000000000000 4.500000000000000
4.500000000000000 3.500000000000000 2.500000000000000 1.500000000000000 1.000000000000000 1.142857142857143 1.333333333333333 1.500000000000000 1.250000000000000 1.000000000000000 1.100000000000000 1.225000000000000 1.750000000000000 1.500000000000000 1.000000000000000 1.333333333333333 1.750000000000000 1.250000000000000 1.500000000000000 2.000000000000000 3.000000000000000 3.000000000000000 3.166666666666667 3.666666666666667 2.225000000000000 1.725000000000000 3.500000000000000 2.500000000000000 1.500000000000000 2.250000000000000 1.500000000000000 0.500000000000000 0.000000000000000 1.500000000000000 1.642857142857143 1.500000000000000 1.333333333333333 0.833333333333333 0.833333333333333 2.500000000000000 3.000000000000000 2.100000000000000 2.100000000000000 2.000000000000000 2.000000000000000 2.000000000000000 2.000000000000000 3.000000000000000 2.500000000000000 2.250000000000000 2.000000000000000 2.000000000000000 2.500000000000000 3.000000000000000 4.000000000000000
2.433333333333334 1.433333333333333 0.433333333333333 1.433333333333333 0.666666666666667 1.333333333333333 1.833333333333333 1.000000000000000 0.750000000000000 0.500000000000000 0.766666666666667 1.333333333333333 1.083333333333333 0.833333333333333 2.500000000000000 1.166666666666667 0.833333333333333 0.333333333333333 0.833333333333333 1.500000000000000 0.833333333333333 0.933333333333333 1.100000000000000 1.600000000000000 2.333333333333333 1.833333333333333 1.333333333333333 2.000000000000000 1.000000000000000 1.433333333333333 2.333333333333333 2.000000000000000 1.500000000000000 0.000000000000000 0.200000000000000 0.342857142857143 2.333333333333333 2.500000000000000 0.583333333333333 2.500000000000000 1.842857142857143 1.766666666666667 1.583333333333333 1.333333333333333 1.500000000000000 1.833333333333333 1.666666666666667 0.700000000000000 1.342857142857143 1.750000000000000 1.500000000000000 1.500000000000000 2.000000000000000 2.500000000000000 3.500000000000000
2.633333333333334 1.633333333333333 0.633333333333333 1.366666666666666 0.866666666666667 1.533333333333333 0.476190476190476 0.726190476190476 0.950000000000000 0.700000000000000 0.966666666666667 1.533333333333333 1.283333333333333 1.033333333333333 1.142857142857143 1.476190476190476 1.500000000000000 0.533333333333333 1.033333333333333 1.200000000000000 1.033333333333333 1.133333333333333 1.300000000000000 1.800000000000000 2.533333333333334 2.033333333333333 1.533333333333333 2.033333333333333 1.200000000000000 1.950000000000000 2.142857142857143 1.142857142857143 1.642857142857143 0.200000000000000 0.000000000000000 0.142857142857143 0.976190476190476 1.142857142857143 0.783333333333333 1.142857142857143 1.642857142857143 2.142857142857143 1.783333333333333 1.533333333333333 1.700000000000000 2.033333333333333 1.500000000000000 0.500000000000000 1.142857142857143 1.950000000000000 1.700000000000000 1.700000000000000 2.200000000000000 2.700000000000000 3.700000000000000
2.776190476190477 1.776190476190476 0.776190476190476 1.666666666666667 1.166666666666667 0.500000000000000 0.333333333333333 0.583333333333333 1.250000000000000 1.000000000000000 1.266666666666667 2.083333333333333 1.916666666666667 1.666666666666667 1.000000000000000 1.333333333333333 1.666666666666667 0.676190476190476 1.666666666666667 2.000000000000000 3.000000000000000 1.276190476190476 1.442857142857143 1.942857142857143 3.083333333333333 2.583333333333333 3.500000000000000 2.500000000000000 1.500000000000000 2.250000000000000 2.000000000000000 1.000000000000000 1.500000000000000 0.342857142857143 0.142857142857143 0.000000000000000 0.833333333333333 1.000000000000000 1.333333333333333 1.000000000000000 1.500000000000000 2.000000000000000 2.333333333333333 2.000000000000000 2.000000000000000 2.333333333333333 2.166666666666667 0.642857142857143 1.000000000000000 2.250000000000000 2.000000000000000 2.000000000000000 2.500000000000000 3.000000000000000 4.000000000000000
3.766666666666667 2.766666666666667 1.766666666666667 1.309523809523809 0.809523809523810 0.666666666666667 0.500000000000000 0.750000000000000 1.666666666666667 1.833333333333333 0.909523809523810 1.034523809523809 1.559523809523810 1.309523809523809 0.833333333333333 1.166666666666667 1.500000000000000 1.666666666666667 2.166666666666667 1.476190476190476 2.166666666666667 2.266666666666667 2.433333333333334 2.933333333333333 2.034523809523810 1.534523809523810 2.666666666666667 1.976190476190476 2.333333333333333 2.666666666666667 1.666666666666667 0.833333333333333 1.333333333333333 2.333333333333333 0.976190476190476 0.833333333333333 0.000000000000000 0.500000000000000 1.166666666666667 1.833333333333333 2.333333333333333 2.833333333333333 2.166666666666667 2.666666666666667 2.833333333333333 1.809523809523810 1.809523809523810 1.476190476190476 1.833333333333333 2.000000000000000 2.833333333333333 2.833333333333333 3.333333333333333 3.833333333333333 4.833333333333333
3.016666666666667 2.016666666666667 1.016666666666667 2.333333333333333 1.833333333333333 1.166666666666667 1.000000000000000 1.583333333333333 2.250000000000000 2.000000000000000 2.266666666666667 2.058333333333334 2.916666666666667 2.666666666666667 0.833333333333333 1.166666666666667 1.500000000000000 0.916666666666667 1.416666666666667 3.000000000000000 1.416666666666667 1.516666666666667 1.683333333333333 2.183333333333333 3.391666666666667 2.558333333333334 1.916666666666667 3.500000000000000 2.500000000000000 3.250000000000000 1.333333333333333 0.333333333333333 0.833333333333333 2.500000000000000 1.142857142857143 1.000000000000000 0.500000000000000 0.000000000000000 0.666666666666667 2.000000000000000 2.500000000000000 3.000000000000000 1.666666666666667 3.000000000000000 3.000000000000000 2.833333333333333 2.833333333333333 1.642857142857143 2.000000000000000 3.250000000000000 3.000000000000000 3.000000000000000 3.500000000000000 4.000000000000000 5.000000000000000
2.350000000000000 1.350000000000000 0.350000000000000 1.350000000000000 0.500000000000000 1.250000000000000 1.166666666666667 0.833333333333333 0.583333333333333 1.833333333333333 2.000000000000000 1.250000000000000 1.000000000000000 0.750000000000000 0.833333333333333 1.166666666666667 0.750000000000000 0.250000000000000 0.750000000000000 0.850000000000000 0.750000000000000 0.850000000000000 1.016666666666667 1.516666666666667 2.250000000000000 1.750000000000000 1.250000000000000 1.350000000000000 2.333333333333333 1.350000000000000 1.333333333333333 0.333333333333333 0.833333333333333 0.583333333333333 0.783333333333333 1.333333333333333 1.166666666666667 0.666666666666667 0.000000000000000 2.333333333333333 2.833333333333333 3.000000000000000 1.000000000000000 1.250000000000000 2.833333333333333 1.500000000000000 1.500000000000000 1.750000000000000 2.333333333333333 1.583333333333333 2.833333333333333 1.750000000000000 2.250000000000000 2.750000000000000 3.750000000000000
3.776190476190477 2.776190476190476 1.776190476190476 2.666666666666667 2.166666666666667 1.500000000000000 1.333333333333333 1.583333333333333 2.250000000000000 2.000000000000000 2.000000000000000 2.125000000000000 2.375000000000000 2.666666666666667 2.000000000000000 2.333333333333333 2.642857142857143 1.676190476190476 2.666666666666667 2.250000000000000 2.500000000000000 2.276190476190476 2.442857142857143 3.625000000000000 3.125000000000000 2.625000000000000 3.000000000000000 3.500000000000000 2.500000000000000 3.250000000000000 3.000000000000000 2.000000000000000 2.500000000000000 2.500000000000000 1.142857142857143 1.000000000000000 1.833333333333333 2.000000000000000 2.333333333333333 0.000000000000000 0.500000000000000 1.000000000000000 3.000000000000000 3.000000000000000 3.000000000000000 3.333333333333333 2.642857142857143 1.642857142857143 2.000000000000000 3.250000000000000 3.000000000000000 3.000000000000000 3.500000000000000 4.000000000000000 5.000000000000000
