0.000000000000000 1.000000000000000 2.000000000000000 2.125000000000000 2.236111111111111 3.236111111111111 2.750000000000000 3.500000000000000 3.750000000000000 4.000000000000000 3.750000000000000 3.500000000000000 3.500000000000000 2.708333333333333 2.583333333333333 2.500000000000000 2.750000000000000 4.000000000000000 3.500000000000000 3.000000000000000 2.500000000000000 3.000000000000000 2.500000000000000 4.000000000000000 3.000000000000000 3.000000000000000 3.500000000000000 3.250000000000000 3.500000000000000 4.000000000000000 3.000000000000000 3.000000000000000 4.000000000000000 4.500000000000000 5.500000000000000 3.500000000000000 3.000000000000000 2.700000000000000 3.666666666666667 4.500000000000000 3.700000000000000 4.200000000000000 4.700000000000000 3.000000000000000 4.500000000000000 3.708333333333333 4.000000000000000 3.000000000000000 4.000000000000000 3.500000000000000 3.833333333333333 4.500000000000000 4.666666666666666 4.900000000000000 4.500000000000000 3.750000000000000 4.166666666666666 4.000000000000000 4.500000000000000 3.125000000000000 3.625000000000000 3.125000000000000 4.125000000000000 3.125000000000000
1.000000000000000 0.000000000000000 1.000000000000000 1.125000000000000 1.236111111111111 2.236111111111111 1.750000000000000 2.500000000000000 2.750000000000000 3.000000000000000 2.750000000000000 2.500000000000000 2.500000000000000 1.708333333333333 1.583333333333333 1.500000000000000 1.750000000000000 3.000000000000000 2.500000000000000 2.000000000000000 1.500000000000000 2.000000000000000 1.500000000000000 3.000000000000000 2.125000000000000 2.000000000000000 2.000000000000000 2.250000000000000 2.500000000000000 3.000000000000000 2.000000000000000 2.000000000000000 2.125000000000000 3.500000000000000 4.500000000000000 2.500000000000000 2.000000000000000 1.700000000000000 2.666666666666667 3.500000000000000 2.700000000000000 3.200000000000000 3.700000000000000 2.000000000000000 3.500000000000000 2.708333333333333 3.000000000000000 2.000000000000000 3.000000000000000 2.500000000000000 2.833333333333333 3.500000000000000 3.666666666666667 3.900000000000000 3.500000000000000 2.750000000000000 3.166666666666667 3.000000000000000 3.500000000000000 2.125000000000000 2.625000000000000 2.125000000000000 3.125000000000000 2.125000000000000
2.000000000000000 1.000000000000000 0.000000000000000 0.125000000000000 0.236111111111111 1.236111111111111 0.750000000000000 1.500000000000000 1.750000000000000 2.000000000000000 1.750000000000000 1.500000000000000 1.750000000000000 0.850000000000000 0.583333333333333 0.500000000000000 0.750000000000000 2.000000000000000 1.500000000000000 1.000000000000000 0.500000000000000 1.000000000000000 0.500000000000000 2.000000000000000 1.000000000000000 1.000000000000000 1.500000000000000 1.250000000000000 1.500000000000000 2.000000000000000 1.000000000000000 1.000000000000000 2.000000000000000 2.500000000000000 3.500000000000000 1.500000000000000 1.000000000000000 0.700000000000000 1.666666666666667 2.500000000000000 1.700000000000000 2.200000000000000 2.700000000000000 1.000000000000000 2.500000000000000 1.708333333333333 2.000000000000000 1.000000000000000 2.000000000000000 1.500000000000000 1.833333333333333 2.500000000000000 2.666666666666667 2.900000000000000 2.500000000000000 1.750000000000000 1.400000000000000 2.000000000000000 2.500000000000000 1.125000000000000 1.625000000000000 1.125000000000000 2.125000000000000 1.125000000000000
2.125000000000000 1.125000000000000 0.125000000000000 0.000000000000000 0.111111111111111 1.111111111111111 0.875000000000000 1.625000000000000 1.875000000000000 0.861111111111111 0.611111111111111 0.361111111111111 0.611111111111111 0.833333333333333 1.583333333333333 1.500000000000000 1.750000000000000 2.125000000000000 1.750000000000000 1.250000000000000 0.361111111111111 0.861111111111111 0.625000000000000 0.861111111111111 1.000000000000000 2.000000000000000 2.500000000000000 2.250000000000000 2.500000000000000 3.000000000000000 2.000000000000000 2.000000000000000 1.000000000000000 2.625000000000000 3.142857142857143 3.000000000000000 0.861111111111111 0.561111111111111 1.025000000000000 2.625000000000000 1.825000000000000 2.325000000000000 3.642857142857143 0.861111111111111 2.625000000000000 4.000000000000000 3.000000000000000 2.000000000000000 3.000000000000000 1.361111111111111 1.694444444444444 1.611111111111111 2.025000000000000 4.142857142857142 2.625000000000000 1.875000000000000 1.525000000000000 1.861111111111111 1.361111111111111 1.000000000000000 1.500000000000000 1.000000000000000 2.000000000000000 1.000000000000000
2.236111111111111 1.236111111111111 0.236111111111111 0.111111111111111 0.000000000000000 1.000000000000000 1.500000000000000 1.250000000000000 1.500000000000000 0.750000000000000 0.500000000000000 0.250000000000000 0.500000000000000 1.600000000000000 1.250000000000000 0.736111111111111 0.750000000000000 1.750000000000000 1.250000000000000 0.750000000000000 0.250000000000000 0.750000000000000 0.736111111111111 0.750000000000000 1.111111111111111 0.750000000000000 0.750000000000000 1.250000000000000 1.250000000000000 1.250000000000000 1.236111111111111 1.000000000000000 1.111111111111111 2.250000000000000 3.250000000000000 1.250000000000000 0.750000000000000 0.450000000000000 1.416666666666667 2.250000000000000 1.450000000000000 1.950000000000000 2.450000000000000 0.750000000000000 2.250000000000000 2.600000000000000 1.750000000000000 0.750000000000000 1.750000000000000 1.250000000000000 1.583333333333333 1.500000000000000 2.416666666666667 2.650000000000000 2.250000000000000 2.500000000000000 1.916666666666667 1.750000000000000 1.250000000000000 1.111111111111111 1.611111111111111 1.111111111111111 2.111111111111111 1.111111111111111
3.236111111111111 2.236111111111111 1.236111111111111 1.111111111111111 1.000000000000000 0.000000000000000 0.500000000000000 0.642857142857143 0.892857142857143 1.500000000000000 1.250000000000000 1.000000000000000 1.250000000000000 0.600000000000000 0.725000000000000 1.250000000000000 1.000000000000000 1.142857142857143 2.250000000000000 1.750000000000000 1.250000000000000 1.000000000000000 1.736111111111111 1.500000000000000 2.111111111111111 1.750000000000000 1.750000000000000 1.500000000000000 2.250000000000000 2.250000000000000 1.750000000000000 1.750000000000000 2.111111111111111 1.642857142857143 2.642857142857143 2.500000000000000 1.750000000000000 1.450000000000000 0.809523809523809 1.642857142857143 0.842857142857143 1.342857142857143 1.842857142857143 1.750000000000000 1.642857142857143 1.600000000000000 1.600000000000000 1.750000000000000 2.750000000000000 2.250000000000000 2.250000000000000 2.250000000000000 1.809523809523809 2.809523809523809 1.642857142857143 1.500000000000000 1.309523809523809 2.750000000000000 2.000000000000000 2.111111111111111 2.611111111111111 2.111111111111111 3.111111111111111 2.111111111111111
2.750000000000000 1.750000000000000 0.750000000000000 0.875000000000000 1.500000000000000 0.500000000000000 0.000000000000000 0.142857142857143 0.392857142857143 0.642857142857143 0.666666666666667 0.416666666666667 0.166666666666667 0.100000000000000 0.225000000000000 0.750000000000000 0.500000000000000 0.642857142857143 1.142857142857143 0.750000000000000 0.250000000000000 0.500000000000000 1.250000000000000 0.916666666666667 1.000000000000000 0.750000000000000 0.750000000000000 1.000000000000000 1.166666666666667 1.250000000000000 1.250000000000000 0.666666666666667 1.750000000000000 1.142857142857143 2.142857142857143 2.000000000000000 0.750000000000000 0.450000000000000 0.309523809523810 1.142857142857143 0.342857142857143 0.842857142857143 1.342857142857143 0.750000000000000 1.142857142857143 1.100000000000000 1.100000000000000 0.750000000000000 1.750000000000000 1.250000000000000 1.166666666666667 1.166666666666667 1.309523809523810 2.309523809523809 1.142857142857143 1.000000000000000 0.809523809523810 1.750000000000000 1.416666666666667 1.875000000000000 2.375000000000000 1.875000000000000 2.875000000000000 1.875000000000000
3.500000000000000 2.500000000000000 1.500000000000000 1.625000000000000 1.250000000000000 0.642857142857143 0.142857142857143 0.000000000000000 0.250000000000000 0.500000000000000 1.250000000000000 1.000000000000000 1.250000000000000 0.242857142857143 0.367857142857143 0.892857142857143 0.642857142857143 0.500000000000000 1.000000000000000 1.500000000000000 1.000000000000000 1.500000000000000 2.000000000000000 1.500000000000000 1.750000000000000 1.500000000000000 1.500000000000000 1.142857142857143 2.000000000000000 2.000000000000000 2.500000000000000 1.750000000000000 2.500000000000000 1.000000000000000 2.000000000000000 2.142857142857143 1.500000000000000 1.200000000000000 0.166666666666667 1.000000000000000 0.200000000000000 0.700000000000000 1.200000000000000 1.500000000000000 1.000000000000000 1.242857142857143 1.242857142857143 1.500000000000000 2.500000000000000 2.000000000000000 2.333333333333333 1.166666666666667 1.166666666666667 2.166666666666667 1.000000000000000 1.142857142857143 0.666666666666667 1.200000000000000 2.000000000000000 2.625000000000000 3.125000000000000 2.625000000000000 3.625000000000000 2.625000000000000
3.750000000000000 2.750000000000000 1.750000000000000 1.875000000000000 1.500000000000000 0.892857142857143 0.392857142857143 0.250000000000000 0.000000000000000 0.250000000000000 0.500000000000000 1.250000000000000 0.559523809523810 0.492857142857143 0.617857142857143 1.142857142857143 0.892857142857143 0.750000000000000 1.250000000000000 1.750000000000000 1.250000000000000 0.892857142857143 2.250000000000000 1.750000000000000 2.000000000000000 1.750000000000000 1.750000000000000 1.392857142857143 2.250000000000000 2.250000000000000 2.750000000000000 2.000000000000000 2.750000000000000 1.250000000000000 2.250000000000000 2.392857142857143 1.750000000000000 1.450000000000000 0.416666666666667 1.250000000000000 0.450000000000000 0.950000000000000 1.450000000000000 1.750000000000000 1.250000000000000 1.492857142857143 1.492857142857143 1.750000000000000 2.750000000000000 2.250000000000000 2.583333333333333 1.416666666666667 1.416666666666667 2.416666666666667 1.250000000000000 1.392857142857143 0.916666666666667 1.450000000000000 2.250000000000000 2.875000000000000 3.375000000000000 2.875000000000000 3.875000000000000 2.875000000000000
4.000000000000000 3.000000000000000 2.000000000000000 0.861111111111111 0.750000000000000 1.500000000000000 0.642857142857143 0.500000000000000 0.250000000000000 0.000000000000000 0.250000000000000 0.500000000000000 0.750000000000000 0.742857142857143 0.867857142857143 1.392857142857143 1.142857142857143 1.000000000000000 1.500000000000000 2.000000000000000 1.500000000000000 1.142857142857143 2.500000000000000 1.000000000000000 2.250000000000000 2.000000000000000 2.000000000000000 1.642857142857143 2.500000000000000 2.500000000000000 3.000000000000000 1.250000000000000 3.000000000000000 1.500000000000000 2.500000000000000 2.642857142857143 2.000000000000000 1.700000000000000 0.666666666666667 1.500000000000000 0.700000000000000 1.200000000000000 1.700000000000000 2.000000000000000 1.500000000000000 1.742857142857143 1.742857142857143 2.000000000000000 3.000000000000000 2.500000000000000 1.750000000000000 1.666666666666667 1.666666666666667 2.666666666666667 1.500000000000000 1.642857142857143 1.166666666666667 1.700000000000000 1.500000000000000 1.861111111111111 2.361111111111111 1.861111111111111 2.861111111111111 1.861111111111111
3.750000000000000 2.750000000000000 1.750000000000000 0.611111111111111 0.500000000000000 1.250000000000000 0.666666666666667 1.250000000000000 0.500000000000000 0.250000000000000 0.000000000000000 0.250000000000000 0.500000000000000 1.850000000000000 2.250000000000000 1.500000000000000 1.750000000000000 1.750000000000000 2.250000000000000 1.250000000000000 1.250000000000000 1.750000000000000 2.250000000000000 0.750000000000000 2.000000000000000 1.750000000000000 1.750000000000000 2.250000000000000 2.250000000000000 2.250000000000000 2.000000000000000 1.000000000000000 2.750000000000000 2.250000000000000 3.250000000000000 2.250000000000000 1.750000000000000 1.450000000000000 1.416666666666667 2.250000000000000 1.450000000000000 1.950000000000000 2.450000000000000 1.750000000000000 2.250000000000000 1.766666666666667 2.750000000000000 1.750000000000000 2.750000000000000 2.250000000000000 1.500000000000000 1.500000000000000 2.416666666666667 3.416666666666667 2.250000000000000 2.750000000000000 1.916666666666667 2.750000000000000 1.250000000000000 1.611111111111111 2.111111111111111 1.611111111111111 2.611111111111111 1.611111111111111
3.500000000000000 2.500000000000000 1.500000000000000 0.361111111111111 0.250000000000000 1.000000000000000 0.416666666666667 1.000000000000000 1.250000000000000 0.500000000000000 0.250000000000000 0.000000000000000 0.250000000000000 1.600000000000000 2.000000000000000 1.250000000000000 1.500000000000000 1.500000000000000 2.000000000000000 1.500000000000000 1.000000000000000 1.500000000000000 2.000000000000000 0.500000000000000 1.750000000000000 1.500000000000000 1.500000000000000 2.000000000000000 2.000000000000000 2.000000000000000 1.750000000000000 0.750000000000000 2.500000000000000 2.000000000000000 3.000000000000000 2.000000000000000 1.500000000000000 1.200000000000000 1.166666666666667 2.000000000000000 1.200000000000000 1.700000000000000 2.200000000000000 1.500000000000000 2.000000000000000 1.516666666666667 2.500000000000000 1.500000000000000 2.500000000000000 2.000000000000000 1.250000000000000 1.250000000000000 2.166666666666667 3.166666666666667 2.000000000000000 2.500000000000000 1.666666666666667 2.500000000000000 1.000000000000000 1.361111111111111 1.861111111111111 1.361111111111111 2.361111111111111 1.361111111111111
3.500000000000000 2.500000000000000 1.750000000000000 0.611111111111111 0.500000000000000 1.250000000000000 0.166666666666667 1.250000000000000 0.559523809523810 0.750000000000000 0.500000000000000 0.250000000000000 0.000000000000000 0.266666666666667 0.391666666666667 1.000000000000000 0.666666666666667 0.809523809523810 1.750000000000000 1.250000000000000 0.416666666666667 0.666666666666667 1.500000000000000 0.750000000000000 1.500000000000000 1.750000000000000 0.916666666666667 1.166666666666667 2.250000000000000 1.416666666666667 1.500000000000000 0.500000000000000 1.611111111111111 1.309523809523810 3.250000000000000 2.166666666666667 0.916666666666667 0.616666666666667 2.000000000000000 1.309523809523810 0.509523809523809 1.009523809523809 2.450000000000000 0.916666666666667 1.309523809523810 1.266666666666667 1.266666666666667 1.750000000000000 2.250000000000000 1.333333333333333 1.000000000000000 1.000000000000000 3.000000000000000 4.000000000000000 1.309523809523810 1.166666666666667 2.500000000000000 2.750000000000000 1.250000000000000 1.611111111111111 2.111111111111111 1.611111111111111 2.611111111111111 1.611111111111111
2.708333333333333 1.708333333333333 0.850000000000000 0.833333333333333 1.600000000000000 0.600000000000000 0.100000000000000 0.242857142857143 0.492857142857143 0.742857142857143 1.850000000000000 1.600000000000000 0.266666666666667 0.000000000000000 0.125000000000000 0.208333333333333 0.600000000000000 0.742857142857143 1.242857142857143 0.850000000000000 0.350000000000000 0.600000000000000 0.708333333333333 2.100000000000000 0.708333333333333 1.000000000000000 0.500000000000000 1.100000000000000 1.500000000000000 1.000000000000000 1.500000000000000 0.708333333333333 2.000000000000000 1.242857142857143 2.142857142857143 2.000000000000000 2.500000000000000 0.550000000000000 0.409523809523810 1.242857142857143 0.442857142857143 0.942857142857143 2.642857142857143 2.500000000000000 1.242857142857143 1.000000000000000 1.000000000000000 2.000000000000000 3.000000000000000 1.350000000000000 1.266666666666667 1.266666666666667 1.409523809523809 3.142857142857143 1.242857142857143 1.100000000000000 0.909523809523810 1.442857142857143 2.600000000000000 1.833333333333333 2.333333333333333 1.833333333333333 2.833333333333333 1.833333333333333
2.583333333333333 1.583333333333333 0.583333333333333 1.583333333333333 1.250000000000000 0.725000000000000 0.225000000000000 0.367857142857143 0.617857142857143 0.867857142857143 2.250000000000000 2.000000000000000 0.391666666666667 0.125000000000000 0.000000000000000 0.083333333333333 0.500000000000000 0.867857142857143 1.333333333333333 0.833333333333333 1.000000000000000 1.500000000000000 0.583333333333333 1.333333333333333 0.583333333333333 0.500000000000000 1.000000000000000 1.000000000000000 1.000000000000000 1.500000000000000 0.583333333333333 0.583333333333333 1.500000000000000 1.367857142857143 2.267857142857143 2.125000000000000 1.500000000000000 1.200000000000000 1.400000000000000 1.367857142857143 0.567857142857143 1.067857142857143 2.767857142857143 1.500000000000000 1.367857142857143 1.125000000000000 1.125000000000000 2.125000000000000 3.125000000000000 2.000000000000000 1.391666666666667 1.391666666666667 2.400000000000000 3.267857142857143 1.367857142857143 1.225000000000000 1.900000000000000 2.500000000000000 1.833333333333333 1.708333333333333 3.083333333333333 2.583333333333333 3.583333333333333 2.583333333333333
2.500000000000000 1.500000000000000 0.500000000000000 1.500000000000000 0.736111111111111 1.250000000000000 0.750000000000000 0.892857142857143 1.142857142857143 1.392857142857143 1.500000000000000 1.250000000000000 1.000000000000000 0.208333333333333 0.083333333333333 0.000000000000000 0.250000000000000 1.392857142857143 1.250000000000000 0.750000000000000 1.000000000000000 1.500000000000000 0.500000000000000 1.250000000000000 0.500000000000000 0.166666666666667 0.666666666666667 0.750000000000000 0.666666666666667 1.000000000000000 0.500000000000000 0.500000000000000 1.166666666666667 1.892857142857143 2.642857142857143 2.500000000000000 1.500000000000000 1.200000000000000 1.059523809523810 1.892857142857143 1.092857142857143 1.592857142857143 3.142857142857143 1.500000000000000 1.892857142857143 1.208333333333333 1.208333333333333 1.500000000000000 2.500000000000000 2.000000000000000 2.000000000000000 2.000000000000000 2.059523809523809 3.642857142857143 1.892857142857143 1.750000000000000 1.559523809523810 2.500000000000000 1.750000000000000 1.625000000000000 2.125000000000000 1.625000000000000 2.625000000000000 1.625000000000000
2.750000000000000 1.750000000000000 0.750000000000000 1.750000000000000 0.750000000000000 1.000000000000000 0.500000000000000 0.642857142857143 0.892857142857143 1.142857142857143 1.750000000000000 1.500000000000000 0.666666666666667 0.600000000000000 0.500000000000000 0.250000000000000 0.000000000000000 1.142857142857143 1.500000000000000 1.000000000000000 0.500000000000000 1.000000000000000 0.750000000000000 2.000000000000000 0.750000000000000 0.416666666666667 1.000000000000000 0.500000000000000 0.666666666666667 1.500000000000000 0.750000000000000 0.750000000000000 1.416666666666667 1.642857142857143 2.642857142857143 2.500000000000000 1.000000000000000 0.700000000000000 0.809523809523809 1.642857142857143 0.842857142857143 1.342857142857143 1.842857142857143 1.000000000000000 1.642857142857143 1.600000000000000 1.600000000000000 1.000000000000000 2.000000000000000 1.500000000000000 1.833333333333333 1.666666666666667 1.809523809523809 2.900000000000000 1.642857142857143 1.500000000000000 1.309523809523809 2.000000000000000 2.500000000000000 2.750000000000000 3.250000000000000 2.750000000000000 3.750000000000000 2.750000000000000
4.000000000000000 3.000000000000000 2.000000000000000 2.125000000000000 1.750000000000000 1.142857142857143 0.642857142857143 0.500000000000000 0.750000000000000 1.000000000000000 1.750000000000000 1.500000000000000 0.809523809523810 0.742857142857143 0.867857142857143 1.392857142857143 1.142857142857143 0.000000000000000 0.500000000000000 1.000000000000000 1.500000000000000 1.142857142857143 2.500000000000000 2.000000000000000 1.250000000000000 2.000000000000000 2.000000000000000 1.642857142857143 2.500000000000000 2.500000000000000 3.000000000000000 2.250000000000000 3.000000000000000 1.500000000000000 2.500000000000000 2.642857142857143 2.000000000000000 1.700000000000000 0.666666666666667 1.500000000000000 0.700000000000000 1.200000000000000 1.700000000000000 2.000000000000000 1.500000000000000 1.742857142857143 1.742857142857143 2.000000000000000 2.000000000000000 2.500000000000000 2.833333333333333 1.666666666666667 1.666666666666667 2.666666666666667 1.500000000000000 1.642857142857143 1.166666666666667 1.700000000000000 2.500000000000000 3.125000000000000 3.625000000000000 3.125000000000000 4.125000000000000 3.125000000000000
3.500000000000000 2.500000000000000 1.500000000000000 1.750000000000000 1.250000000000000 2.250000000000000 1.142857142857143 1.000000000000000 1.250000000000000 1.500000000000000 2.250000000000000 2.000000000000000 1.750000000000000 1.242857142857143 1.333333333333333 1.250000000000000 1.500000000000000 0.500000000000000 0.000000000000000 0.500000000000000 1.000000000000000 1.500000000000000 1.750000000000000 1.000000000000000 0.750000000000000 1.500000000000000 1.500000000000000 2.000000000000000 2.000000000000000 2.000000000000000 1.750000000000000 1.750000000000000 2.500000000000000 2.000000000000000 3.000000000000000 2.000000000000000 1.500000000000000 1.200000000000000 1.166666666666667 2.000000000000000 1.200000000000000 1.700000000000000 3.500000000000000 1.500000000000000 2.000000000000000 2.242857142857143 3.500000000000000 1.500000000000000 1.500000000000000 2.000000000000000 2.333333333333333 2.166666666666667 2.166666666666667 4.000000000000000 2.000000000000000 2.142857142857143 1.666666666666667 2.500000000000000 1.500000000000000 2.750000000000000 3.250000000000000 2.750000000000000 3.750000000000000 2.750000000000000
3.000000000000000 2.000000000000000 1.000000000000000 1.250000000000000 0.750000000000000 1.750000000000000 0.750000000000000 1.500000000000000 1.750000000000000 2.000000000000000 1.250000000000000 1.500000000000000 1.250000000000000 0.850000000000000 0.833333333333333 0.750000000000000 1.000000000000000 1.000000000000000 0.500000000000000 0.000000000000000 0.500000000000000 1.000000000000000 1.250000000000000 0.500000000000000 0.250000000000000 1.000000000000000 1.000000000000000 1.500000000000000 1.500000000000000 1.500000000000000 1.250000000000000 1.250000000000000 2.000000000000000 2.500000000000000 3.500000000000000 1.500000000000000 1.000000000000000 0.700000000000000 1.666666666666667 2.500000000000000 1.700000000000000 2.200000000000000 2.700000000000000 1.000000000000000 2.500000000000000 1.850000000000000 3.000000000000000 2.000000000000000 1.000000000000000 1.500000000000000 1.833333333333333 1.916666666666667 2.666666666666667 2.900000000000000 2.500000000000000 1.750000000000000 1.400000000000000 2.000000000000000 1.000000000000000 2.250000000000000 2.750000000000000 2.250000000000000 3.250000000000000 2.250000000000000
2.500000000000000 1.500000000000000 0.500000000000000 0.361111111111111 0.250000000000000 1.250000000000000 0.250000000000000 1.000000000000000 1.250000000000000 1.500000000000000 1.250000000000000 1.000000000000000 0.416666666666667 0.350000000000000 1.000000000000000 1.000000000000000 0.500000000000000 1.500000000000000 1.000000000000000 0.500000000000000 0.000000000000000 0.500000000000000 1.000000000000000 1.500000000000000 0.750000000000000 0.500000000000000 0.500000000000000 1.000000000000000 1.000000000000000 1.000000000000000 1.500000000000000 1.250000000000000 1.500000000000000 2.000000000000000 3.000000000000000 1.000000000000000 0.500000000000000 0.200000000000000 0.400000000000000 2.000000000000000 1.200000000000000 1.700000000000000 2.200000000000000 0.500000000000000 2.000000000000000 2.000000000000000 1.500000000000000 0.500000000000000 1.500000000000000 1.000000000000000 1.333333333333333 2.250000000000000 1.400000000000000 2.400000000000000 2.000000000000000 1.250000000000000 0.900000000000000 1.500000000000000 2.000000000000000 1.625000000000000 2.125000000000000 1.625000000000000 2.625000000000000 1.625000000000000
3.000000000000000 2.000000000000000 1.000000000000000 0.861111111111111 0.750000000000000 1.000000000000000 0.500000000000000 1.500000000000000 0.892857142857143 1.142857142857143 1.750000000000000 1.500000000000000 0.666666666666667 0.600000000000000 1.500000000000000 1.500000000000000 1.000000000000000 1.142857142857143 1.500000000000000 1.000000000000000 0.500000000000000 0.000000000000000 1.500000000000000 1.500000000000000 1.250000000000000 1.000000000000000 1.000000000000000 1.500000000000000 1.500000000000000 1.500000000000000 2.000000000000000 1.166666666666667 2.000000000000000 2.500000000000000 3.500000000000000 1.500000000000000 1.000000000000000 0.700000000000000 1.666666666666667 2.500000000000000 1.700000000000000 2.200000000000000 2.700000000000000 1.000000000000000 2.500000000000000 1.600000000000000 2.000000000000000 1.000000000000000 2.000000000000000 1.500000000000000 1.833333333333333 1.666666666666667 1.900000000000000 2.900000000000000 2.500000000000000 1.500000000000000 2.166666666666667 2.000000000000000 2.000000000000000 2.125000000000000 2.625000000000000 2.125000000000000 3.125000000000000 1.861111111111111
2.500000000000000 1.500000000000000 0.500000000000000 0.625000000000000 0.736111111111111 1.736111111111111 1.250000000000000 2.000000000000000 2.250000000000000 2.500000000000000 2.250000000000000 2.000000000000000 1.500000000000000 0.708333333333333 0.583333333333333 0.500000000000000 0.750000000000000 2.500000000000000 1.750000000000000 1.250000000000000 1.000000000000000 1.500000000000000 0.000000000000000 2.500000000000000 1.000000000000000 0.666666666666667 1.166666666666667 1.250000000000000 1.166666666666667 1.500000000000000 1.000000000000000 1.000000000000000 1.666666666666667 3.000000000000000 4.000000000000000 2.000000000000000 1.500000000000000 1.200000000000000 1.400000000000000 3.000000000000000 2.200000000000000 2.700000000000000 3.200000000000000 1.500000000000000 3.000000000000000 1.708333333333333 1.708333333333333 2.000000000000000 3.000000000000000 2.000000000000000 2.333333333333333 2.500000000000000 2.400000000000000 4.142857142857142 3.000000000000000 2.250000000000000 1.900000000000000 2.500000000000000 3.000000000000000 1.625000000000000 2.125000000000000 1.625000000000000 2.625000000000000 1.625000000000000
4.000000000000000 3.000000000000000 2.000000000000000 0.861111111111111 0.750000000000000 1.500000000000000 0.916666666666667 1.500000000000000 1.750000000000000 1.000000000000000 0.750000000000000 0.500000000000000 0.750000000000000 2.100000000000000 1.333333333333333 1.250000000000000 2.000000000000000 2.000000000000000 1.000000000000000 0.500000000000000 1.500000000000000 1.500000000000000 2.500000000000000 0.000000000000000 0.750000000000000 2.000000000000000 2.000000000000000 2.500000000000000 2.500000000000000 2.500000000000000 1.750000000000000 1.250000000000000 3.000000000000000 2.500000000000000 3.500000000000000 2.500000000000000 2.000000000000000 1.700000000000000 1.666666666666667 2.500000000000000 1.700000000000000 2.200000000000000 2.700000000000000 2.000000000000000 2.500000000000000 3.500000000000000 3.500000000000000 2.000000000000000 1.500000000000000 2.500000000000000 1.750000000000000 1.750000000000000 2.666666666666667 3.666666666666667 2.500000000000000 3.000000000000000 2.166666666666667 3.000000000000000 1.500000000000000 1.861111111111111 2.361111111111111 1.861111111111111 2.861111111111111 1.861111111111111
3.000000000000000 2.125000000000000 1.000000000000000 1.000000000000000 1.111111111111111 2.111111111111111 1.000000000000000 1.750000000000000 2.000000000000000 2.250000000000000 2.000000000000000 1.750000000000000 1.500000000000000 0.708333333333333 0.583333333333333 0.500000000000000 0.750000000000000 1.250000000000000 0.750000000000000 0.250000000000000 0.750000000000000 1.250000000000000 1.000000000000000 0.750000000000000 0.000000000000000 0.666666666666667 1.250000000000000 1.250000000000000 1.166666666666667 1.500000000000000 1.000000000000000 1.000000000000000 2.000000000000000 2.750000000000000 2.142857142857143 2.000000000000000 1.250000000000000 0.950000000000000 1.150000000000000 2.750000000000000 1.950000000000000 2.450000000000000 2.642857142857143 2.500000000000000 2.750000000000000 3.000000000000000 2.000000000000000 1.000000000000000 2.000000000000000 1.750000000000000 2.083333333333333 2.500000000000000 2.150000000000000 3.142857142857143 2.750000000000000 3.000000000000000 1.650000000000000 2.250000000000000 1.250000000000000 2.000000000000000 2.500000000000000 2.000000000000000 3.000000000000000 2.000000000000000
3.000000000000000 2.000000000000000 1.000000000000000 2.000000000000000 0.750000000000000 1.750000000000000 0.750000000000000 1.500000000000000 1.750000000000000 2.000000000000000 1.750000000000000 1.500000000000000 1.750000000000000 1.000000000000000 0.500000000000000 0.166666666666667 0.416666666666667 2.000000000000000 1.500000000000000 1.000000000000000 0.500000000000000 1.000000000000000 0.666666666666667 2.000000000000000 0.666666666666667 0.000000000000000 0.500000000000000 0.666666666666667 0.500000000000000 1.000000000000000 0.666666666666667 0.666666666666667 1.000000000000000 2.500000000000000 3.500000000000000 1.500000000000000 1.000000000000000 0.700000000000000 0.900000000000000 2.500000000000000 1.700000000000000 2.200000000000000 2.700000000000000 1.000000000000000 2.500000000000000 1.625000000000000 1.625000000000000 1.000000000000000 2.000000000000000 1.500000000000000 1.833333333333333 2.166666666666667 1.900000000000000 2.900000000000000 2.500000000000000 1.750000000000000 1.400000000000000 2.000000000000000 2.500000000000000 2.125000000000000 2.625000000000000 2.125000000000000 3.125000000000000 2.125000000000000
3.500000000000000 2.000000000000000 1.500000000000000 2.500000000000000 0.750000000000000 1.750000000000000 0.750000000000000 1.500000000000000 1.750000000000000 2.000000000000000 1.750000000000000 1.500000000000000 0.916666666666667 0.500000000000000 1.000000000000000 0.666666666666667 1.000000000000000 2.000000000000000 1.500000000000000 1.000000000000000 0.500000000000000 1.000000000000000 1.166666666666667 2.000000000000000 1.250000000000000 0.500000000000000 0.000000000000000 1.500000000000000 1.000000000000000 0.500000000000000 1.000000000000000 1.166666666666667 1.500000000000000 2.500000000000000 3.500000000000000 1.500000000000000 1.000000000000000 0.700000000000000 1.666666666666667 2.500000000000000 1.700000000000000 2.200000000000000 2.700000000000000 1.000000000000000 2.500000000000000 1.500000000000000 1.500000000000000 1.000000000000000 2.000000000000000 1.500000000000000 1.833333333333333 1.916666666666667 2.666666666666667 2.900000000000000 2.500000000000000 1.600000000000000 2.166666666666667 2.000000000000000 2.500000000000000 2.625000000000000 4.000000000000000 3.500000000000000 4.500000000000000 3.500000000000000
3.250000000000000 2.250000000000000 1.250000000000000 2.250000000000000 1.250000000000000 1.500000000000000 1.000000000000000 1.142857142857143 1.392857142857143 1.642857142857143 2.250000000000000 2.000000000000000 1.166666666666667 1.100000000000000 1.000000000000000 0.750000000000000 0.500000000000000 1.642857142857143 2.000000000000000 1.500000000000000 1.000000000000000 1.500000000000000 1.250000000000000 2.500000000000000 1.250000000000000 0.666666666666667 1.500000000000000 0.000000000000000 0.166666666666667 1.666666666666667 1.250000000000000 1.250000000000000 1.666666666666667 2.142857142857143 3.142857142857143 3.000000000000000 1.500000000000000 1.200000000000000 1.309523809523810 2.142857142857143 1.342857142857143 1.842857142857143 2.342857142857143 1.500000000000000 2.142857142857143 2.100000000000000 2.100000000000000 1.500000000000000 2.500000000000000 2.000000000000000 2.333333333333333 2.166666666666667 2.309523809523809 3.400000000000000 2.142857142857143 2.000000000000000 1.809523809523810 2.500000000000000 3.000000000000000 3.250000000000000 3.750000000000000 3.250000000000000 4.250000000000000 3.250000000000000
3.500000000000000 2.500000000000000 1.500000000000000 2.500000000000000 1.250000000000000 2.250000000000000 1.166666666666667 2.000000000000000 2.250000000000000 2.500000000000000 2.250000000000000 2.000000000000000 2.250000000000000 1.500000000000000 1.000000000000000 0.666666666666667 0.666666666666667 2.500000000000000 2.000000000000000 1.500000000000000 1.000000000000000 1.500000000000000 1.166666666666667 2.500000000000000 1.166666666666667 0.500000000000000 1.000000000000000 0.166666666666667 0.000000000000000 1.500000000000000 1.166666666666667 1.166666666666667 1.500000000000000 3.000000000000000 4.000000000000000 2.000000000000000 1.500000000000000 1.200000000000000 1.400000000000000 3.000000000000000 2.200000000000000 2.700000000000000 3.200000000000000 1.500000000000000 3.000000000000000 2.125000000000000 2.125000000000000 1.500000000000000 2.500000000000000 2.000000000000000 2.333333333333333 2.333333333333333 2.400000000000000 3.400000000000000 3.000000000000000 2.166666666666667 1.900000000000000 2.500000000000000 3.000000000000000 2.625000000000000 3.125000000000000 2.625000000000000 3.625000000000000 3.500000000000000
4.000000000000000 3.000000000000000 2.000000000000000 3.000000000000000 1.250000000000000 2.250000000000000 1.250000000000000 2.000000000000000 2.250000000000000 2.500000000000000 2.250000000000000 2.000000000000000 1.416666666666667 1.000000000000000 1.500000000000000 1.000000000000000 1.500000000000000 2.500000000000000 2.000000000000000 1.500000000000000 1.000000000000000 1.500000000000000 1.500000000000000 2.500000000000000 1.500000000000000 1.000000000000000 0.500000000000000 1.666666666666667 1.500000000000000 0.000000000000000 0.500000000000000 1.500000000000000 2.000000000000000 3.000000000000000 4.000000000000000 2.000000000000000 1.500000000000000 1.200000000000000 2.166666666666667 3.000000000000000 2.200000000000000 2.700000000000000 3.200000000000000 1.500000000000000 3.000000000000000 2.000000000000000 2.000000000000000 1.500000000000000 2.500000000000000 2.000000000000000 2.333333333333333 2.416666666666667 3.166666666666667 3.400000000000000 3.000000000000000 2.100000000000000 2.666666666666667 2.500000000000000 3.000000000000000 3.125000000000000 4.500000000000000 4.000000000000000 5.000000000000000 4.000000000000000
3.000000000000000 2.000000000000000 1.000000000000000 2.000000000000000 1.236111111111111 1.750000000000000 1.250000000000000 2.500000000000000 2.750000000000000 3.000000000000000 2.000000000000000 1.750000000000000 1.500000000000000 1.500000000000000 0.583333333333333 0.500000000000000 0.750000000000000 3.000000000000000 1.750000000000000 1.250000000000000 1.500000000000000 2.000000000000000 1.000000000000000 1.750000000000000 1.000000000000000 0.666666666666667 1.000000000000000 1.250000000000000 1.166666666666667 0.500000000000000 0.000000000000000 1.000000000000000 1.666666666666667 3.500000000000000 3.142857142857143 3.000000000000000 2.000000000000000 1.700000000000000 1.900000000000000 3.500000000000000 2.700000000000000 3.200000000000000 3.642857142857143 2.000000000000000 3.500000000000000 1.708333333333333 1.708333333333333 2.000000000000000 3.000000000000000 2.500000000000000 2.500000000000000 2.500000000000000 2.900000000000000 4.142857142857142 3.500000000000000 2.250000000000000 2.400000000000000 3.000000000000000 2.250000000000000 2.125000000000000 2.625000000000000 2.125000000000000 3.125000000000000 3.000000000000000
3.000000000000000 2.000000000000000 1.000000000000000 2.000000000000000 1.000000000000000 1.750000000000000 0.666666666666667 1.750000000000000 2.000000000000000 1.250000000000000 1.000000000000000 0.750000000000000 0.500000000000000 0.708333333333333 0.583333333333333 0.500000000000000 0.750000000000000 2.250000000000000 1.750000000000000 1.250000000000000 1.250000000000000 1.166666666666667 1.000000000000000 1.250000000000000 1.000000000000000 0.666666666666667 1.166666666666667 1.250000000000000 1.166666666666667 1.500000000000000 1.000000000000000 0.000000000000000 1.666666666666667 1.809523809523810 2.809523809523809 3.000000000000000 1.416666666666667 1.116666666666667 2.500000000000000 1.809523809523810 1.009523809523809 1.509523809523809 2.009523809523809 1.416666666666667 1.809523809523810 1.766666666666667 1.766666666666667 2.000000000000000 3.000000000000000 1.833333333333333 1.500000000000000 1.500000000000000 3.500000000000000 4.500000000000000 1.809523809523810 1.666666666666667 3.000000000000000 2.416666666666667 1.750000000000000 2.125000000000000 2.625000000000000 2.125000000000000 3.125000000000000 3.000000000000000
4.000000000000000 2.125000000000000 2.000000000000000 1.000000000000000 1.111111111111111 2.111111111111111 1.750000000000000 2.500000000000000 2.750000000000000 3.000000000000000 2.750000000000000 2.500000000000000 1.611111111111111 2.000000000000000 1.500000000000000 1.166666666666667 1.416666666666667 3.000000000000000 2.500000000000000 2.000000000000000 1.500000000000000 2.000000000000000 1.666666666666667 3.000000000000000 2.000000000000000 1.000000000000000 1.500000000000000 1.666666666666667 1.500000000000000 2.000000000000000 1.666666666666667 1.666666666666667 0.000000000000000 3.500000000000000 4.500000000000000 2.500000000000000 2.000000000000000 1.700000000000000 1.900000000000000 3.500000000000000 2.700000000000000 3.200000000000000 3.700000000000000 2.000000000000000 3.500000000000000 2.625000000000000 2.625000000000000 2.000000000000000 4.000000000000000 2.500000000000000 2.833333333333333 2.611111111111111 2.900000000000000 3.900000000000000 3.500000000000000 2.750000000000000 2.400000000000000 3.000000000000000 2.361111111111111 2.000000000000000 2.500000000000000 2.000000000000000 3.000000000000000 2.000000000000000
4.500000000000000 3.500000000000000 2.500000000000000 2.625000000000000 2.250000000000000 1.642857142857143 1.142857142857143 1.000000000000000 1.250000000000000 1.500000000000000 2.250000000000000 2.000000000000000 1.309523809523810 1.242857142857143 1.367857142857143 1.892857142857143 1.642857142857143 1.500000000000000 2.000000000000000 2.500000000000000 2.000000000000000 2.500000000000000 3.000000000000000 2.500000000000000 2.750000000000000 2.500000000000000 2.500000000000000 2.142857142857143 3.000000000000000 3.000000000000000 3.500000000000000 1.809523809523810 3.500000000000000 0.000000000000000 1.000000000000000 1.142857142857143 2.500000000000000 2.200000000000000 1.166666666666667 2.000000000000000 1.200000000000000 1.700000000000000 1.500000000000000 2.500000000000000 2.000000000000000 2.142857142857143 2.242857142857143 2.500000000000000 3.500000000000000 3.000000000000000 3.333333333333333 2.166666666666667 2.166666666666667 2.000000000000000 2.000000000000000 2.142857142857143 1.666666666666667 2.200000000000000 3.000000000000000 3.625000000000000 4.125000000000000 3.625000000000000 4.625000000000000 3.625000000000000
