0.000000000000000 1.000000000000000 2.000000000000000 3.000000000000000 3.500000000000000 3.666666666666667 4.250000000000000 2.833333333333333 2.583333333333333 4.250000000000000 2.500000000000000 2.600000000000000 4.000000000000000 4.250000000000000 2.750000000000000 3.250000000000000 4.750000000000000 5.083333333333333 5.000000000000000 4.500000000000000 4.000000000000000 3.416666666666667 3.250000000000000 2.250000000000000 2.416666666666667 2.750000000000000 2.916666666666667 3.083333333333333 3.583333333333333 5.000000000000000 4.500000000000000 3.250000000000000 3.916666666666667 4.750000000000000 3.000000000000000 3.000000000000000 4.250000000000000 2.833333333333333 5.250000000000000 2.583333333333333 2.783333333333334 2.950000000000000 5.250000000000000 4.750000000000000 3.166666666666667 2.500000000000000 3.950000000000000 4.450000000000000 3.600000000000000 3.500000000000000 3.250000000000000 5.250000000000000 3.500000000000000 3.500000000000000 4.500000000000000 3.783333333333334 4.500000000000000 3.950000000000000 3.583333333333333 4.583333333333334 5.250000000000000 5.250000000000000 4.750000000000000 3.750000000000000 3.750000000000000 6.250000000000000 7.250000000000000
1.000000000000000 0.000000000000000 1.000000000000000 2.000000000000000 2.500000000000000 2.666666666666667 3.250000000000000 1.833333333333333 3.000000000000000 3.250000000000000 1.500000000000000 1.600000000000000 3.000000000000000 3.250000000000000 1.750000000000000 2.250000000000000 3.750000000000000 4.083333333333333 4.000000000000000 3.500000000000000 3.000000000000000 2.416666666666667 2.250000000000000 1.250000000000000 1.416666666666667 1.750000000000000 1.916666666666667 2.083333333333333 2.583333333333333 4.000000000000000 3.500000000000000 2.250000000000000 2.916666666666667 3.750000000000000 2.000000000000000 2.000000000000000 3.250000000000000 1.833333333333333 4.250000000000000 1.583333333333333 1.783333333333333 1.950000000000000 4.250000000000000 3.750000000000000 2.166666666666667 1.500000000000000 2.950000000000000 3.450000000000000 2.600000000000000 2.500000000000000 2.250000000000000 4.250000000000000 2.500000000000000 2.500000000000000 3.500000000000000 2.783333333333333 3.500000000000000 2.950000000000000 2.583333333333333 3.583333333333333 4.250000000000000 4.250000000000000 3.750000000000000 2.750000000000000 2.750000000000000 5.250000000000000 6.250000000000000
2.000000000000000 1.000000000000000 0.000000000000000 1.000000000000000 1.500000000000000 1.666666666666667 2.250000000000000 0.833333333333333 0.583333333333333 2.250000000000000 0.500000000000000 0.600000000000000 2.000000000000000 2.250000000000000 0.750000000000000 1.250000000000000 2.166666666666667 3.083333333333333 3.000000000000000 2.500000000000000 2.000000000000000 1.416666666666667 1.250000000000000 0.250000000000000 0.416666666666667 0.750000000000000 0.916666666666667 1.083333333333333 1.583333333333333 3.000000000000000 2.500000000000000 1.250000000000000 1.916666666666667 2.750000000000000 1.000000000000000 1.000000000000000 2.250000000000000 0.833333333333333 3.250000000000000 0.583333333333333 0.783333333333333 0.950000000000000 3.250000000000000 2.750000000000000 1.166666666666667 0.500000000000000 1.950000000000000 2.450000000000000 1.600000000000000 1.500000000000000 1.250000000000000 3.250000000000000 1.500000000000000 1.500000000000000 2.500000000000000 1.783333333333333 2.500000000000000 1.950000000000000 1.583333333333333 2.583333333333333 3.250000000000000 3.250000000000000 2.750000000000000 1.750000000000000 1.750000000000000 4.250000000000000 5.250000000000000
3.000000000000000 2.000000000000000 1.000000000000000 0.000000000000000 0.500000000000000 0.666666666666667 0.866666666666667 1.250000000000000 1.000000000000000 1.250000000000000 1.500000000000000 1.516666666666667 3.000000000000000 1.750000000000000 1.500000000000000 2.250000000000000 1.166666666666667 1.500000000000000 2.000000000000000 1.500000000000000 1.000000000000000 1.666666666666667 1.333333333333333 1.333333333333333 1.416666666666667 1.750000000000000 1.916666666666667 2.083333333333333 2.583333333333333 4.000000000000000 3.500000000000000 2.250000000000000 2.166666666666667 1.750000000000000 2.000000000000000 2.000000000000000 3.250000000000000 2.500000000000000 2.250000000000000 1.583333333333333 1.950000000000000 2.250000000000000 1.866666666666667 1.366666666666667 2.833333333333333 1.500000000000000 3.250000000000000 3.750000000000000 4.250000000000000 2.500000000000000 2.333333333333333 2.250000000000000 2.500000000000000 2.500000000000000 3.416666666666667 2.950000000000000 1.500000000000000 2.166666666666667 2.000000000000000 3.000000000000000 2.250000000000000 2.250000000000000 3.250000000000000 2.750000000000000 2.750000000000000 3.250000000000000 4.250000000000000
3.500000000000000 2.500000000000000 1.500000000000000 0.500000000000000 0.000000000000000 0.166666666666667 0.366666666666667 0.616666666666667 1.500000000000000 1.750000000000000 2.000000000000000 2.100000000000000 1.500000000000000 1.250000000000000 1.000000000000000 3.000000000000000 0.666666666666667 1.000000000000000 1.500000000000000 1.000000000000000 0.500000000000000 1.166666666666667 1.500000000000000 1.500000000000000 1.666666666666667 1.500000000000000 2.166666666666667 2.333333333333333 3.000000000000000 2.500000000000000 2.000000000000000 2.000000000000000 1.666666666666667 1.666666666666667 2.500000000000000 2.500000000000000 3.000000000000000 2.000000000000000 3.000000000000000 1.833333333333333 0.866666666666667 0.700000000000000 1.366666666666667 0.866666666666667 2.333333333333333 2.333333333333333 1.700000000000000 2.200000000000000 3.100000000000000 3.100000000000000 2.500000000000000 2.750000000000000 3.000000000000000 3.000000000000000 2.500000000000000 3.333333333333333 1.000000000000000 1.666666666666667 2.500000000000000 3.500000000000000 2.750000000000000 2.750000000000000 3.500000000000000 2.500000000000000 2.500000000000000 3.750000000000000 4.750000000000000
3.666666666666667 2.666666666666667 1.666666666666667 0.666666666666667 0.166666666666667 0.000000000000000 0.200000000000000 0.450000000000000 1.000000000000000 1.250000000000000 2.166666666666667 1.516666666666667 1.666666666666667 1.416666666666667 1.166666666666667 1.200000000000000 0.500000000000000 0.833333333333333 1.166666666666667 1.166666666666667 0.666666666666667 1.333333333333333 1.333333333333333 1.333333333333333 2.333333333333333 1.666666666666667 2.833333333333333 3.000000000000000 3.166666666666667 2.666666666666667 2.166666666666667 2.166666666666667 1.833333333333333 1.750000000000000 2.666666666666667 2.000000000000000 2.200000000000000 2.166666666666667 2.250000000000000 1.750000000000000 0.700000000000000 0.533333333333333 1.200000000000000 0.700000000000000 1.200000000000000 1.583333333333333 1.533333333333333 2.033333333333333 2.533333333333333 2.583333333333333 2.333333333333333 2.250000000000000 3.166666666666667 3.166666666666667 1.200000000000000 1.700000000000000 1.166666666666667 1.500000000000000 2.000000000000000 3.000000000000000 2.250000000000000 2.250000000000000 3.250000000000000 2.666666666666667 2.666666666666667 3.250000000000000 4.250000000000000
4.250000000000000 3.250000000000000 2.250000000000000 0.866666666666667 0.366666666666667 0.200000000000000 0.000000000000000 0.250000000000000 0.500000000000000 1.333333333333333 2.000000000000000 2.100000000000000 1.866666666666667 1.616666666666667 1.366666666666667 1.000000000000000 0.500000000000000 0.833333333333333 1.166666666666667 1.666666666666667 0.866666666666667 1.533333333333333 0.833333333333333 2.000000000000000 2.166666666666667 2.500000000000000 2.666666666666667 2.833333333333333 3.333333333333333 2.866666666666667 2.366666666666667 3.000000000000000 2.033333333333333 1.833333333333333 3.250000000000000 1.500000000000000 2.000000000000000 1.500000000000000 2.500000000000000 1.833333333333333 0.500000000000000 0.333333333333333 1.000000000000000 0.500000000000000 1.000000000000000 1.833333333333333 1.333333333333333 1.833333333333333 2.333333333333333 3.100000000000000 3.000000000000000 2.333333333333333 3.000000000000000 3.000000000000000 1.000000000000000 1.500000000000000 2.500000000000000 1.333333333333333 1.500000000000000 2.500000000000000 2.333333333333333 2.333333333333333 3.333333333333333 3.500000000000000 3.500000000000000 3.333333333333333 4.333333333333333
2.833333333333333 1.833333333333333 0.833333333333333 1.250000000000000 0.616666666666667 0.450000000000000 0.250000000000000 0.000000000000000 0.250000000000000 0.500000000000000 2.250000000000000 0.766666666666667 1.583333333333333 1.333333333333333 1.083333333333333 1.250000000000000 0.750000000000000 1.083333333333333 1.416666666666667 1.916666666666667 2.250000000000000 1.250000000000000 0.583333333333333 0.583333333333333 1.583333333333333 1.083333333333333 1.250000000000000 1.416666666666667 1.916666666666667 2.583333333333333 2.083333333333333 1.583333333333333 2.083333333333333 1.000000000000000 3.250000000000000 1.250000000000000 2.250000000000000 1.583333333333333 1.500000000000000 1.000000000000000 0.750000000000000 0.583333333333333 1.250000000000000 0.750000000000000 1.250000000000000 0.833333333333333 1.583333333333333 2.083333333333333 2.583333333333333 1.833333333333333 1.500000000000000 1.500000000000000 1.833333333333333 1.666666666666667 1.250000000000000 1.750000000000000 2.750000000000000 1.750000000000000 1.250000000000000 2.250000000000000 1.500000000000000 1.500000000000000 2.500000000000000 2.083333333333333 2.083333333333333 2.500000000000000 3.500000000000000
2.583333333333333 3.000000000000000 0.583333333333333 1.000000000000000 1.500000000000000 1.000000000000000 0.500000000000000 0.250000000000000 0.000000000000000 0.250000000000000 0.416666666666667 0.516666666666667 1.333333333333333 1.083333333333333 0.833333333333333 1.333333333333333 1.500000000000000 1.833333333333333 2.166666666666667 2.500000000000000 2.000000000000000 1.000000000000000 0.333333333333333 0.333333333333333 0.500000000000000 0.833333333333333 1.000000000000000 1.166666666666667 1.666666666666667 2.333333333333333 1.833333333333333 1.333333333333333 1.833333333333333 0.750000000000000 3.000000000000000 1.000000000000000 2.333333333333333 2.250000000000000 1.250000000000000 0.750000000000000 0.950000000000000 1.250000000000000 2.200000000000000 1.700000000000000 1.500000000000000 0.583333333333333 2.250000000000000 2.750000000000000 3.250000000000000 1.583333333333333 1.333333333333333 1.250000000000000 1.583333333333333 1.416666666666667 2.416666666666667 1.950000000000000 2.500000000000000 2.250000000000000 1.000000000000000 2.000000000000000 1.250000000000000 1.250000000000000 2.250000000000000 1.833333333333333 1.833333333333333 2.250000000000000 3.250000000000000
4.250000000000000 3.250000000000000 2.250000000000000 1.250000000000000 1.750000000000000 1.250000000000000 1.333333333333333 0.500000000000000 0.250000000000000 0.000000000000000 0.166666666666667 0.266666666666667 0.391666666666667 1.416666666666667 1.166666666666667 1.166666666666667 1.833333333333333 2.166666666666667 3.166666666666667 3.666666666666667 2.250000000000000 1.000000000000000 0.583333333333333 0.583333333333333 0.750000000000000 1.666666666666667 1.250000000000000 1.416666666666667 1.916666666666667 1.391666666666667 0.891666666666667 2.166666666666667 1.500000000000000 0.500000000000000 1.391666666666667 1.250000000000000 2.166666666666667 2.000000000000000 1.000000000000000 0.500000000000000 0.700000000000000 1.000000000000000 2.000000000000000 1.833333333333333 2.333333333333333 2.333333333333333 2.000000000000000 2.500000000000000 3.000000000000000 1.266666666666667 1.000000000000000 1.000000000000000 1.333333333333333 1.166666666666667 2.166666666666667 1.700000000000000 3.000000000000000 2.000000000000000 1.250000000000000 2.000000000000000 1.000000000000000 1.000000000000000 2.000000000000000 3.000000000000000 2.000000000000000 2.000000000000000 3.000000000000000
2.500000000000000 1.500000000000000 0.500000000000000 1.500000000000000 2.000000000000000 2.166666666666667 2.000000000000000 2.250000000000000 0.416666666666667 0.166666666666667 0.000000000000000 0.100000000000000 0.225000000000000 1.250000000000000 1.000000000000000 1.000000000000000 2.500000000000000 2.833333333333333 3.000000000000000 3.500000000000000 2.500000000000000 1.166666666666667 1.500000000000000 0.250000000000000 0.416666666666667 1.500000000000000 0.916666666666667 1.083333333333333 1.583333333333333 1.225000000000000 0.725000000000000 2.000000000000000 1.666666666666667 0.666666666666667 1.225000000000000 1.500000000000000 2.000000000000000 2.166666666666667 1.166666666666667 0.666666666666667 0.866666666666667 1.166666666666667 3.000000000000000 2.500000000000000 2.500000000000000 0.500000000000000 2.166666666666667 2.666666666666667 1.100000000000000 1.100000000000000 1.250000000000000 1.166666666666667 1.000000000000000 1.000000000000000 2.000000000000000 1.866666666666667 3.000000000000000 2.166666666666667 1.416666666666667 2.166666666666667 1.166666666666667 1.166666666666667 2.166666666666667 2.500000000000000 2.500000000000000 2.166666666666667 3.166666666666667
2.600000000000000 1.600000000000000 0.600000000000000 1.516666666666667 2.100000000000000 1.516666666666667 2.100000000000000 0.766666666666667 0.516666666666667 0.266666666666667 0.100000000000000 0.000000000000000 0.125000000000000 0.375000000000000 1.100000000000000 1.100000000000000 2.600000000000000 2.933333333333334 3.100000000000000 3.100000000000000 2.600000000000000 0.267857142857143 1.600000000000000 0.350000000000000 0.516666666666667 0.500000000000000 1.016666666666667 1.183333333333333 1.625000000000000 1.125000000000000 0.625000000000000 1.000000000000000 1.500000000000000 0.767857142857143 1.125000000000000 1.516666666666667 2.100000000000000 2.333333333333333 1.266666666666667 0.766666666666667 0.966666666666667 1.266666666666667 2.266666666666667 2.600000000000000 2.666666666666667 2.000000000000000 2.000000000000000 2.500000000000000 1.000000000000000 1.000000000000000 1.350000000000000 1.266666666666667 1.100000000000000 1.100000000000000 2.100000000000000 1.966666666666667 3.100000000000000 2.266666666666667 1.516666666666667 2.266666666666667 1.266666666666667 1.266666666666667 2.500000000000000 1.500000000000000 1.500000000000000 2.266666666666667 3.266666666666667
4.000000000000000 3.000000000000000 2.000000000000000 3.000000000000000 1.500000000000000 1.666666666666667 1.866666666666667 1.583333333333333 1.333333333333333 0.391666666666667 0.225000000000000 0.125000000000000 0.000000000000000 0.250000000000000 0.500000000000000 1.225000000000000 2.166666666666667 2.500000000000000 3.225000000000000 2.500000000000000 2.000000000000000 0.142857142857143 1.000000000000000 1.000000000000000 1.142857142857143 1.000000000000000 1.642857142857143 1.809523809523810 1.500000000000000 1.000000000000000 0.500000000000000 1.500000000000000 0.642857142857143 0.642857142857143 1.000000000000000 3.000000000000000 2.225000000000000 1.583333333333333 1.391666666666667 1.333333333333333 1.533333333333333 1.391666666666667 2.391666666666667 2.366666666666667 1.916666666666667 1.250000000000000 2.125000000000000 2.625000000000000 1.125000000000000 1.125000000000000 2.000000000000000 1.391666666666667 1.225000000000000 1.225000000000000 2.225000000000000 2.533333333333333 2.500000000000000 2.391666666666667 2.333333333333333 2.391666666666667 1.391666666666667 1.391666666666667 3.000000000000000 2.000000000000000 2.000000000000000 2.391666666666667 3.391666666666667
4.250000000000000 3.250000000000000 2.250000000000000 1.750000000000000 1.250000000000000 1.416666666666667 1.616666666666667 1.333333333333333 1.083333333333333 1.416666666666667 1.250000000000000 0.375000000000000 0.250000000000000 0.000000000000000 0.250000000000000 2.250000000000000 1.916666666666667 2.250000000000000 2.750000000000000 2.250000000000000 1.750000000000000 0.392857142857143 0.750000000000000 0.750000000000000 1.392857142857143 0.750000000000000 1.416666666666667 1.583333333333333 1.750000000000000 1.250000000000000 0.750000000000000 1.250000000000000 0.892857142857143 0.892857142857143 1.250000000000000 2.000000000000000 3.250000000000000 1.333333333333333 2.416666666666667 1.083333333333333 1.283333333333333 2.416666666666667 3.416666666666667 2.116666666666667 1.666666666666667 1.000000000000000 2.375000000000000 2.875000000000000 1.375000000000000 1.375000000000000 1.750000000000000 2.416666666666667 2.250000000000000 2.250000000000000 3.250000000000000 2.283333333333333 2.250000000000000 3.416666666666667 2.083333333333333 3.083333333333333 2.416666666666667 2.416666666666667 2.750000000000000 1.750000000000000 1.750000000000000 3.416666666666667 4.416666666666667
2.750000000000000 1.750000000000000 0.750000000000000 1.500000000000000 1.000000000000000 1.166666666666667 1.366666666666667 1.083333333333333 0.833333333333333 1.166666666666667 1.000000000000000 1.100000000000000 0.500000000000000 0.250000000000000 0.000000000000000 2.000000000000000 1.666666666666667 2.000000000000000 2.500000000000000 2.000000000000000 1.500000000000000 0.166666666666667 0.500000000000000 0.500000000000000 0.666666666666667 0.500000000000000 1.166666666666667 1.333333333333333 2.000000000000000 1.500000000000000 1.000000000000000 1.000000000000000 0.666666666666667 0.666666666666667 1.500000000000000 1.750000000000000 3.000000000000000 1.083333333333333 2.166666666666667 0.833333333333333 1.033333333333333 2.166666666666667 3.166666666666667 3.500000000000000 1.416666666666667 0.750000000000000 3.166666666666667 3.666666666666667 2.100000000000000 2.100000000000000 1.500000000000000 2.166666666666667 2.000000000000000 2.000000000000000 3.000000000000000 2.033333333333333 2.000000000000000 3.166666666666667 1.833333333333333 2.833333333333333 2.166666666666667 2.166666666666667 2.500000000000000 1.500000000000000 1.500000000000000 3.166666666666667 4.166666666666667
3.250000000000000 2.250000000000000 1.250000000000000 2.250000000000000 3.000000000000000 1.200000000000000 1.000000000000000 1.250000000000000 1.333333333333333 1.166666666666667 1.000000000000000 1.100000000000000 1.225000000000000 2.250000000000000 2.000000000000000 0.000000000000000 1.500000000000000 1.833333333333333 4.000000000000000 4.000000000000000 3.500000000000000 2.166666666666667 2.500000000000000 1.000000000000000 1.166666666666667 1.500000000000000 1.666666666666667 1.833333333333333 2.333333333333333 2.225000000000000 1.725000000000000 2.000000000000000 2.666666666666667 1.666666666666667 2.250000000000000 2.250000000000000 1.000000000000000 2.000000000000000 3.000000000000000 1.333333333333333 1.500000000000000 1.333333333333333 2.000000000000000 1.500000000000000 2.000000000000000 1.250000000000000 2.333333333333333 2.833333333333333 2.100000000000000 2.100000000000000 2.000000000000000 2.166666666666667 2.000000000000000 2.000000000000000 3.000000000000000 2.500000000000000 3.000000000000000 2.333333333333333 2.333333333333333 3.333333333333333 2.166666666666667 2.166666666666667 3.166666666666667 2.500000000000000 2.500000000000000 3.166666666666667 4.166666666666667
4.750000000000000 3.750000000000000 2.166666666666667 1.166666666666667 0.666666666666667 0.500000000000000 0.500000000000000 0.750000000000000 1.500000000000000 1.833333333333333 2.500000000000000 2.600000000000000 2.166666666666667 1.916666666666667 1.666666666666667 1.500000000000000 0.000000000000000 0.333333333333333 0.666666666666667 1.166666666666667 1.166666666666667 1.833333333333333 1.833333333333333 2.500000000000000 2.000000000000000 2.166666666666667 2.500000000000000 2.666666666666667 3.166666666666667 3.166666666666667 2.666666666666667 2.666666666666667 2.333333333333333 2.333333333333333 3.750000000000000 2.500000000000000 2.500000000000000 1.833333333333333 2.833333333333333 2.833333333333333 1.000000000000000 0.833333333333333 1.500000000000000 1.000000000000000 1.500000000000000 2.750000000000000 1.833333333333333 2.333333333333333 2.833333333333333 3.600000000000000 3.500000000000000 2.833333333333333 3.500000000000000 3.500000000000000 1.666666666666667 2.000000000000000 1.666666666666667 1.000000000000000 2.500000000000000 3.500000000000000 2.833333333333333 2.750000000000000 3.750000000000000 3.166666666666667 4.000000000000000 3.833333333333333 4.833333333333333
5.083333333333333 4.083333333333333 3.083333333333333 1.500000000000000 1.000000000000000 0.833333333333333 0.833333333333333 1.083333333333333 1.833333333333333 2.166666666666667 2.833333333333333 2.933333333333334 2.500000000000000 2.250000000000000 2.000000000000000 1.833333333333333 0.333333333333333 0.000000000000000 0.333333333333333 0.833333333333333 1.333333333333333 2.166666666666667 2.166666666666667 2.833333333333333 3.000000000000000 2.500000000000000 3.500000000000000 3.666666666666666 3.500000000000000 3.500000000000000 3.000000000000000 3.000000000000000 2.666666666666667 2.666666666666667 3.500000000000000 2.833333333333333 2.833333333333333 2.166666666666667 3.166666666666667 2.033333333333333 1.833333333333333 1.166666666666667 1.833333333333333 1.333333333333333 1.833333333333333 3.083333333333333 2.166666666666667 2.666666666666667 3.166666666666667 3.933333333333333 3.833333333333333 3.166666666666667 3.833333333333333 2.333333333333333 1.333333333333333 2.833333333333333 2.000000000000000 1.333333333333333 2.833333333333333 3.833333333333333 3.166666666666667 3.166666666666667 4.166666666666666 3.500000000000000 3.500000000000000 4.166666666666666 5.166666666666666
5.000000000000000 4.000000000000000 3.000000000000000 2.000000000000000 1.500000000000000 1.166666666666667 1.166666666666667 1.416666666666667 2.166666666666667 3.166666666666667 3.000000000000000 3.100000000000000 3.225000000000000 2.750000000000000 2.500000000000000 4.000000000000000 0.666666666666667 0.333333333333333 0.000000000000000 0.500000000000000 1.000000000000000 4.166666666666667 2.500000000000000 3.250000000000000 3.416666666666667 4.500000000000000 3.916666666666667 4.083333333333333 4.583333333333333 4.225000000000000 3.725000000000000 5.000000000000000 4.666666666666667 3.666666666666667 4.000000000000000 3.166666666666667 3.166666666666667 2.666666666666667 4.166666666666666 1.700000000000000 1.500000000000000 1.666666666666667 2.166666666666667 1.666666666666667 3.500000000000000 3.500000000000000 2.666666666666667 3.166666666666667 4.100000000000000 4.100000000000000 4.250000000000000 4.166666666666666 4.000000000000000 2.000000000000000 1.000000000000000 2.500000000000000 2.500000000000000 1.666666666666667 3.166666666666667 4.166666666666666 4.166666666666666 4.166666666666666 5.166666666666666 5.500000000000000 4.000000000000000 5.166666666666666 6.166666666666666
4.500000000000000 3.500000000000000 2.500000000000000 1.500000000000000 1.000000000000000 1.166666666666667 1.666666666666667 1.916666666666667 2.500000000000000 3.666666666666667 3.500000000000000 3.100000000000000 2.500000000000000 2.250000000000000 2.000000000000000 4.000000000000000 1.166666666666667 0.833333333333333 0.500000000000000 0.000000000000000 0.500000000000000 2.166666666666667 2.500000000000000 2.500000000000000 2.666666666666667 2.500000000000000 3.166666666666667 3.333333333333333 4.000000000000000 3.500000000000000 3.000000000000000 3.000000000000000 2.666666666666667 2.666666666666667 3.500000000000000 3.500000000000000 4.000000000000000 3.000000000000000 4.000000000000000 2.200000000000000 2.000000000000000 2.166666666666667 2.366666666666667 2.166666666666667 3.333333333333333 3.333333333333333 3.166666666666667 3.666666666666667 4.166666666666666 4.100000000000000 3.500000000000000 4.666666666666666 4.500000000000000 2.500000000000000 1.500000000000000 3.000000000000000 2.000000000000000 2.166666666666667 3.500000000000000 4.500000000000000 4.666666666666666 4.666666666666666 4.500000000000000 3.500000000000000 3.500000000000000 5.666666666666666 6.666666666666666
4.000000000000000 3.000000000000000 2.000000000000000 1.000000000000000 0.500000000000000 0.666666666666667 0.866666666666667 2.250000000000000 2.000000000000000 2.250000000000000 2.500000000000000 2.600000000000000 2.000000000000000 1.750000000000000 1.500000000000000 3.500000000000000 1.166666666666667 1.333333333333333 1.000000000000000 0.500000000000000 0.000000000000000 1.666666666666667 2.000000000000000 2.000000000000000 2.166666666666667 2.000000000000000 2.666666666666667 2.833333333333333 3.500000000000000 3.000000000000000 2.500000000000000 2.500000000000000 2.166666666666667 2.166666666666667 3.000000000000000 3.000000000000000 3.500000000000000 2.500000000000000 3.500000000000000 2.333333333333333 2.500000000000000 1.200000000000000 1.866666666666667 1.366666666666667 2.833333333333333 2.833333333333333 2.200000000000000 2.700000000000000 3.600000000000000 3.600000000000000 3.000000000000000 3.250000000000000 3.500000000000000 3.500000000000000 2.000000000000000 3.500000000000000 1.500000000000000 2.166666666666667 3.000000000000000 4.000000000000000 3.250000000000000 3.250000000000000 4.000000000000000 3.000000000000000 3.000000000000000 4.250000000000000 5.250000000000000
3.416666666666667 2.416666666666667 1.416666666666667 1.666666666666667 1.166666666666667 1.333333333333333 1.533333333333333 1.250000000000000 1.000000000000000 1.000000000000000 1.166666666666667 0.267857142857143 0.142857142857143 0.392857142857143 0.166666666666667 2.166666666666667 1.833333333333333 2.166666666666667 4.166666666666667 2.166666666666667 1.666666666666667 0.000000000000000 0.666666666666667 1.166666666666667 1.000000000000000 0.666666666666667 1.500000000000000 1.666666666666667 2.166666666666667 1.142857142857143 0.642857142857143 1.000000000000000 0.500000000000000 0.500000000000000 1.142857142857143 3.142857142857143 3.166666666666667 3.000000000000000 2.000000000000000 1.500000000000000 1.200000000000000 2.000000000000000 3.000000000000000 2.033333333333333 3.333333333333333 1.416666666666667 2.267857142857143 2.767857142857143 1.267857142857143 1.267857142857143 2.166666666666667 2.000000000000000 2.166666666666667 2.166666666666667 3.166666666666667 2.700000000000000 2.166666666666667 3.000000000000000 2.000000000000000 3.000000000000000 2.000000000000000 2.000000000000000 3.000000000000000 1.666666666666667 1.666666666666667 3.000000000000000 4.000000000000000
3.250000000000000 2.250000000000000 1.250000000000000 1.333333333333333 1.500000000000000 1.333333333333333 0.833333333333333 0.583333333333333 0.333333333333333 0.583333333333333 1.500000000000000 1.600000000000000 1.000000000000000 0.750000000000000 0.500000000000000 2.500000000000000 1.833333333333333 2.166666666666667 2.500000000000000 2.500000000000000 2.000000000000000 0.666666666666667 0.000000000000000 0.666666666666667 1.000000000000000 1.000000000000000 1.500000000000000 1.666666666666667 2.166666666666667 2.000000000000000 1.500000000000000 1.500000000000000 1.166666666666667 1.166666666666667 2.000000000000000 1.333333333333333 3.500000000000000 2.583333333333333 1.583333333333333 1.333333333333333 1.283333333333333 1.583333333333333 2.533333333333333 1.333333333333333 2.533333333333333 1.250000000000000 2.583333333333333 3.083333333333333 2.600000000000000 2.600000000000000 1.666666666666667 1.583333333333333 2.500000000000000 2.500000000000000 3.500000000000000 2.283333333333333 2.500000000000000 2.583333333333333 1.333333333333333 2.333333333333333 1.583333333333333 1.583333333333333 3.000000000000000 2.000000000000000 2.000000000000000 2.583333333333333 3.583333333333333
2.250000000000000 1.250000000000000 0.250000000000000 1.333333333333333 1.500000000000000 1.333333333333333 2.000000000000000 0.583333333333333 0.333333333333333 0.583333333333333 0.250000000000000 0.350000000000000 1.000000000000000 0.750000000000000 0.500000000000000 1.000000000000000 2.500000000000000 2.833333333333333 3.250000000000000 2.500000000000000 2.000000000000000 1.166666666666667 0.666666666666667 0.000000000000000 0.166666666666667 0.500000000000000 0.666666666666667 0.833333333333333 1.333333333333333 2.000000000000000 1.500000000000000 1.000000000000000 1.500000000000000 1.166666666666667 1.250000000000000 1.250000000000000 2.000000000000000 0.583333333333333 1.583333333333333 0.333333333333333 0.533333333333333 0.700000000000000 3.000000000000000 2.500000000000000 0.916666666666667 0.250000000000000 1.700000000000000 2.200000000000000 1.350000000000000 1.250000000000000 1.000000000000000 1.583333333333333 1.250000000000000 1.250000000000000 2.250000000000000 1.533333333333333 1.583333333333333 1.700000000000000 1.333333333333333 2.333333333333333 1.583333333333333 1.583333333333333 2.500000000000000 1.500000000000000 1.500000000000000 2.583333333333333 3.583333333333333
2.416666666666667 1.416666666666667 0.416666666666667 1.416666666666667 1.666666666666667 2.333333333333333 2.166666666666667 1.583333333333333 0.500000000000000 0.750000000000000 0.416666666666667 0.516666666666667 1.142857142857143 1.392857142857143 0.666666666666667 1.166666666666667 2.000000000000000 3.000000000000000 3.416666666666667 2.666666666666667 2.166666666666667 1.000000000000000 1.000000000000000 0.166666666666667 0.000000000000000 0.666666666666667 0.500000000000000 0.666666666666667 1.166666666666667 1.666666666666667 1.642857142857143 1.166666666666667 1.500000000000000 1.500000000000000 2.142857142857143 1.416666666666667 2.166666666666667 0.750000000000000 1.750000000000000 0.500000000000000 0.700000000000000 0.866666666666667 3.166666666666667 2.666666666666667 1.083333333333333 0.416666666666667 1.866666666666667 2.366666666666667 1.516666666666667 1.416666666666667 1.166666666666667 1.750000000000000 1.416666666666667 1.416666666666667 2.416666666666667 1.700000000000000 2.666666666666667 1.866666666666667 2.333333333333333 3.333333333333333 1.750000000000000 1.750000000000000 2.666666666666667 1.666666666666667 1.666666666666667 2.750000000000000 3.750000000000000
2.750000000000000 1.750000000000000 0.750000000000000 1.750000000000000 1.500000000000000 1.666666666666667 2.500000000000000 1.083333333333333 0.833333333333333 1.666666666666667 1.500000000000000 0.500000000000000 1.000000000000000 0.750000000000000 0.500000000000000 1.500000000000000 2.166666666666667 2.500000000000000 4.500000000000000 2.500000000000000 2.000000000000000 0.666666666666667 1.000000000000000 0.500000000000000 0.666666666666667 0.000000000000000 1.166666666666667 1.333333333333333 1.833333333333333 1.625000000000000 1.125000000000000 0.500000000000000 1.000000000000000 1.166666666666667 1.625000000000000 1.750000000000000 2.500000000000000 1.083333333333333 2.666666666666667 0.833333333333333 1.033333333333333 1.200000000000000 3.500000000000000 3.000000000000000 1.416666666666667 0.750000000000000 2.500000000000000 3.000000000000000 1.500000000000000 1.500000000000000 1.500000000000000 2.666666666666667 1.600000000000000 1.600000000000000 3.500000000000000 2.033333333333333 2.500000000000000 2.200000000000000 1.833333333333333 2.833333333333333 2.666666666666667 2.000000000000000 2.000000000000000 1.000000000000000 1.000000000000000 3.000000000000000 4.000000000000000
2.916666666666667 1.916666666666667 0.916666666666667 1.916666666666667 2.166666666666667 2.833333333333333 2.666666666666667 1.250000000000000 1.000000000000000 1.250000000000000 0.916666666666667 1.016666666666667 1.642857142857143 1.416666666666667 1.166666666666667 1.666666666666667 2.500000000000000 3.500000000000000 3.916666666666667 3.166666666666667 2.666666666666667 1.500000000000000 1.500000000000000 0.666666666666667 0.500000000000000 1.166666666666667 0.000000000000000 0.166666666666667 0.666666666666667 1.166666666666667 1.666666666666667 1.666666666666667 2.000000000000000 2.000000000000000 2.642857142857143 1.916666666666667 2.666666666666667 1.250000000000000 2.250000000000000 1.000000000000000 1.200000000000000 1.366666666666667 3.666666666666667 3.166666666666667 1.583333333333333 0.916666666666667 2.366666666666667 2.866666666666667 2.016666666666667 1.916666666666667 1.666666666666667 2.250000000000000 1.916666666666667 1.916666666666667 2.916666666666667 2.200000000000000 3.166666666666667 2.366666666666667 2.833333333333333 3.833333333333333 2.250000000000000 2.250000000000000 3.166666666666667 2.166666666666667 2.166666666666667 3.250000000000000 4.250000000000000
3.083333333333333 2.083333333333333 1.083333333333333 2.083333333333333 2.333333333333333 3.000000000000000 2.833333333333333 1.416666666666667 1.166666666666667 1.416666666666667 1.083333333333333 1.183333333333333 1.809523809523810 1.583333333333333 1.333333333333333 1.833333333333333 2.666666666666667 3.666666666666666 4.083333333333333 3.333333333333333 2.833333333333333 1.666666666666667 1.666666666666667 0.833333333333333 0.666666666666667 1.333333333333333 0.166666666666667 0.000000000000000 0.500000000000000 1.000000000000000 1.500000000000000 1.833333333333333 2.166666666666667 2.166666666666667 2.809523809523809 2.083333333333333 2.833333333333333 1.416666666666667 2.416666666666667 1.166666666666667 1.366666666666666 1.533333333333333 3.833333333333333 3.333333333333333 1.750000000000000 1.083333333333333 2.533333333333333 3.033333333333333 2.183333333333334 2.083333333333333 1.833333333333333 2.416666666666667 2.083333333333333 2.083333333333333 3.083333333333333 2.366666666666666 3.333333333333333 2.533333333333333 3.000000000000000 4.000000000000000 2.416666666666667 2.416666666666667 3.333333333333333 2.333333333333333 2.333333333333333 3.416666666666667 4.416666666666666
3.583333333333333 2.583333333333333 1.583333333333333 2.583333333333333 3.000000000000000 3.166666666666667 3.333333333333333 1.916666666666667 1.666666666666667 1.916666666666667 1.583333333333333 1.625000000000000 1.500000000000000 1.750000000000000 2.000000000000000 2.333333333333333 3.166666666666667 3.500000000000000 4.583333333333333 4.000000000000000 3.500000000000000 2.166666666666667 2.166666666666667 1.333333333333333 1.166666666666667 1.833333333333333 0.666666666666667 0.500000000000000 0.000000000000000 0.500000000000000 1.000000000000000 3.000000000000000 2.666666666666667 2.666666666666667 2.500000000000000 2.583333333333333 3.333333333333333 1.916666666666667 2.916666666666667 1.666666666666667 1.866666666666666 2.033333333333333 4.333333333333333 3.833333333333333 2.250000000000000 1.583333333333333 3.625000000000000 4.125000000000000 2.625000000000000 2.625000000000000 2.333333333333333 2.916666666666667 2.725000000000000 2.725000000000000 3.725000000000000 2.866666666666666 4.000000000000000 3.033333333333333 3.500000000000000 4.500000000000000 2.916666666666667 2.916666666666667 4.500000000000000 3.500000000000000 3.500000000000000 3.916666666666667 4.916666666666666
5.000000000000000 4.000000000000000 3.000000000000000 4.000000000000000 2.500000000000000 2.666666666666667 2.866666666666667 2.583333333333333 2.333333333333333 1.391666666666667 1.225000000000000 1.125000000000000 1.000000000000000 1.250000000000000 1.500000000000000 2.225000000000000 3.166666666666667 3.500000000000000 4.225000000000000 3.500000000000000 3.000000000000000 1.142857142857143 2.000000000000000 2.000000000000000 1.666666666666667 1.625000000000000 1.166666666666667 1.000000000000000 0.500000000000000 0.000000000000000 0.500000000000000 2.500000000000000 1.642857142857143 1.642857142857143 2.000000000000000 4.000000000000000 3.225000000000000 2.583333333333333 2.391666666666667 2.333333333333333 2.533333333333334 2.391666666666667 3.391666666666667 3.366666666666667 2.916666666666667 2.250000000000000 3.125000000000000 3.625000000000000 2.125000000000000 2.125000000000000 3.000000000000000 2.391666666666667 2.225000000000000 2.225000000000000 3.225000000000000 3.533333333333334 3.500000000000000 3.391666666666667 3.333333333333333 3.391666666666667 2.391666666666667 2.391666666666667 4.000000000000000 3.000000000000000 3.000000000000000 3.391666666666667 4.391666666666667
4.500000000000000 3.500000000000000 2.500000000000000 3.500000000000000 2.000000000000000 2.166666666666667 2.366666666666667 2.083333333333333 1.833333333333333 0.891666666666667 0.725000000000000 0.625000000000000 0.500000000000000 0.750000000000000 1.000000000000000 1.725000000000000 2.666666666666667 3.000000000000000 3.725000000000000 3.000000000000000 2.500000000000000 0.642857142857143 1.500000000000000 1.500000000000000 1.642857142857143 1.125000000000000 1.666666666666667 1.500000000000000 1.000000000000000 0.500000000000000 0.000000000000000 2.000000000000000 1.142857142857143 1.142857142857143 1.500000000000000 3.500000000000000 2.725000000000000 2.083333333333333 1.891666666666667 1.833333333333333 2.033333333333333 1.891666666666667 2.891666666666667 2.866666666666667 2.416666666666667 1.750000000000000 2.625000000000000 3.125000000000000 1.625000000000000 1.625000000000000 2.500000000000000 1.891666666666667 1.725000000000000 1.725000000000000 2.725000000000000 3.033333333333333 3.000000000000000 2.891666666666667 2.833333333333333 2.891666666666667 1.891666666666667 1.891666666666667 3.500000000000000 2.500000000000000 2.500000000000000 2.891666666666667 3.891666666666667
3.250000000000000 2.250000000000000 1.250000000000000 2.250000000000000 2.000000000000000 2.166666666666667 3.000000000000000 1.583333333333333 1.333333333333333 2.166666666666667 2.000000000000000 1.000000000000000 1.500000000000000 1.250000000000000 1.000000000000000 2.000000000000000 2.666666666666667 3.000000000000000 5.000000000000000 3.000000000000000 2.500000000000000 1.000000000000000 1.500000000000000 1.000000000000000 1.166666666666667 0.500000000000000 1.666666666666667 1.833333333333333 3.000000000000000 2.500000000000000 2.000000000000000 0.000000000000000 0.500000000000000 1.500000000000000 2.125000000000000 2.250000000000000 3.000000000000000 1.583333333333333 3.166666666666667 1.333333333333333 1.533333333333333 1.700000000000000 4.000000000000000 3.500000000000000 1.916666666666667 1.250000000000000 3.000000000000000 3.500000000000000 2.000000000000000 2.000000000000000 2.000000000000000 3.166666666666667 2.100000000000000 2.100000000000000 4.000000000000000 2.533333333333333 3.000000000000000 2.700000000000000 2.333333333333333 3.333333333333333 3.166666666666667 2.500000000000000 2.500000000000000 1.500000000000000 1.500000000000000 3.500000000000000 4.500000000000000
3.916666666666667 2.916666666666667 1.916666666666667 2.166666666666667 1.666666666666667 1.833333333333333 2.033333333333333 2.083333333333333 1.833333333333333 1.500000000000000 1.666666666666667 1.500000000000000 0.642857142857143 0.892857142857143 0.666666666666667 2.666666666666667 2.333333333333333 2.666666666666667 4.666666666666667 2.666666666666667 2.166666666666667 0.500000000000000 1.166666666666667 1.500000000000000 1.500000000000000 1.000000000000000 2.000000000000000 2.166666666666667 2.666666666666667 1.642857142857143 1.142857142857143 0.500000000000000 0.000000000000000 1.000000000000000 1.642857142857143 2.750000000000000 3.500000000000000 3.500000000000000 2.500000000000000 2.000000000000000 2.033333333333333 2.500000000000000 3.500000000000000 2.533333333333333 3.833333333333333 1.916666666666667 3.500000000000000 4.000000000000000 1.767857142857143 1.767857142857143 2.666666666666667 2.500000000000000 2.666666666666667 2.666666666666667 3.666666666666667 3.200000000000000 2.666666666666667 3.500000000000000 2.833333333333333 3.500000000000000 2.500000000000000 2.500000000000000 3.000000000000000 2.000000000000000 2.000000000000000 3.500000000000000 4.500000000000000
