0.000000000000000 0.076923076923077 0.250000000000000 0.052631578947368 1.000000000000000 1.250000000000000 0.416666666666667 0.333333333333333 0.219298245614035 0.583333333333333 0.385964912280702 0.833333333333333 0.500000000000000 1.052631578947368 0.750000000000000 0.302631578947368 1.000000000000000 1.000000000000000 1.333333333333333 0.302631578947368 0.062500000000000 0.076923076923077 0.552631578947368 1.000000000000000 0.135746606334842 2.000000000000000 0.395833333333333 0.802631578947368 1.302631578947368 1.395833333333333 0.895833333333333 0.132478632478632 1.062500000000000 1.262500000000000 1.076923076923077 0.576923076923077 1.132478632478632 1.632478632478632 2.076923076923077 2.076923076923077 2.132478632478632 1.132478632478632 0.562500000000000 1.302631578947368 2.302631578947368 2.000000000000000 1.076923076923077 1.076923076923077
0.076923076923077 0.000000000000000 0.066666666666667 0.055555555555556 0.305555555555556 1.326923076923077 0.233333333333333 0.150000000000000 0.222222222222222 0.400000000000000 0.388888888888889 1.066666666666667 0.400000000000000 1.055555555555556 0.566666666666667 0.305555555555556 1.076923076923077 0.555555555555556 0.555555555555556 0.305555555555556 0.555555555555556 0.153846153846154 0.555555555555556 1.076923076923077 0.555555555555556 2.076923076923077 0.472756410256410 0.805555555555556 1.305555555555556 1.472756410256410 0.972756410256410 0.472756410256410 1.139423076923077 1.555555555555556 1.153846153846154 0.653846153846154 1.209401709401709 1.709401709401709 1.805555555555556 2.153846153846154 3.555555555555555 2.555555555555555 1.055555555555556 1.305555555555556 2.305555555555555 1.555555555555556 1.153846153846154 1.153846153846154
0.250000000000000 0.066666666666667 0.000000000000000 0.027777777777778 0.142857142857143 0.392857142857143 0.166666666666667 0.083333333333333 0.250000000000000 0.333333333333333 0.361111111111111 1.000000000000000 0.333333333333333 1.000000000000000 0.500000000000000 0.750000000000000 1.250000000000000 0.527777777777778 0.527777777777778 0.277777777777778 1.000000000000000 0.326923076923077 0.527777777777778 1.250000000000000 0.527777777777778 2.250000000000000 1.333333333333333 0.777777777777778 1.277777777777778 2.333333333333333 1.833333333333333 1.333333333333333 2.000000000000000 2.200000000000000 1.533333333333333 0.826923076923077 2.333333333333333 2.833333333333333 2.333333333333333 2.533333333333333 3.333333333333333 2.333333333333333 1.500000000000000 1.277777777777778 2.277777777777778 1.527777777777778 1.326923076923077 1.326923076923077
0.052631578947368 0.055555555555556 0.027777777777778 0.000000000000000 0.250000000000000 0.500000000000000 0.194444444444444 0.111111111111111 0.166666666666667 0.361111111111111 0.333333333333333 0.666666666666667 0.361111111111111 1.000000000000000 0.527777777777778 0.250000000000000 1.052631578947368 0.500000000000000 0.500000000000000 0.250000000000000 0.500000000000000 1.000000000000000 0.500000000000000 1.052631578947368 0.500000000000000 2.052631578947368 0.833333333333333 0.750000000000000 1.250000000000000 1.750000000000000 1.333333333333333 1.055555555555556 0.833333333333333 1.500000000000000 0.750000000000000 1.500000000000000 2.055555555555555 2.555555555555555 1.750000000000000 1.750000000000000 3.500000000000000 2.500000000000000 1.000000000000000 1.250000000000000 2.250000000000000 1.500000000000000 2.000000000000000 2.000000000000000
1.000000000000000 0.305555555555556 0.142857142857143 0.250000000000000 0.000000000000000 0.250000000000000 0.583333333333333 0.226190476190476 0.416666666666667 0.476190476190476 0.583333333333333 1.142857142857143 0.476190476190476 1.250000000000000 0.642857142857143 0.500000000000000 2.000000000000000 0.750000000000000 0.750000000000000 0.500000000000000 0.750000000000000 1.076923076923077 0.750000000000000 2.000000000000000 0.750000000000000 3.000000000000000 1.083333333333333 1.000000000000000 1.500000000000000 2.000000000000000 1.583333333333333 1.083333333333333 1.500000000000000 1.750000000000000 1.000000000000000 1.250000000000000 2.083333333333333 2.805555555555555 2.000000000000000 2.000000000000000 3.750000000000000 2.750000000000000 1.250000000000000 1.500000000000000 2.500000000000000 1.750000000000000 2.076923076923077 2.076923076923077
1.250000000000000 1.326923076923077 0.392857142857143 0.500000000000000 0.250000000000000 0.000000000000000 0.333333333333333 0.583333333333333 0.666666666666667 0.666666666666667 0.833333333333333 2.000000000000000 0.726190476190476 1.500000000000000 1.250000000000000 1.000000000000000 2.250000000000000 1.000000000000000 1.000000000000000 0.750000000000000 1.000000000000000 1.500000000000000 1.000000000000000 2.250000000000000 1.000000000000000 3.250000000000000 1.333333333333333 1.250000000000000 1.750000000000000 2.250000000000000 1.833333333333333 1.333333333333333 1.750000000000000 2.000000000000000 1.250000000000000 1.826923076923077 2.333333333333333 2.882478632478632 2.333333333333333 2.250000000000000 3.333333333333333 2.333333333333333 1.500000000000000 1.750000000000000 2.750000000000000 2.000000000000000 2.500000000000000 2.500000000000000
0.416666666666667 0.233333333333333 0.166666666666667 0.194444444444444 0.583333333333333 0.333333333333333 0.000000000000000 0.250000000000000 0.416666666666667 0.333333333333333 0.527777777777778 1.166666666666667 0.500000000000000 1.166666666666667 0.666666666666667 1.333333333333333 1.416666666666667 0.694444444444444 0.694444444444444 0.444444444444444 1.166666666666667 1.194444444444444 0.694444444444444 1.416666666666667 0.694444444444444 2.416666666666667 1.500000000000000 0.944444444444444 1.444444444444444 2.500000000000000 2.000000000000000 1.500000000000000 2.166666666666667 2.366666666666667 1.700000000000000 0.993589743589744 2.500000000000000 3.000000000000000 2.500000000000000 2.700000000000000 3.500000000000000 2.500000000000000 1.666666666666667 1.444444444444444 2.444444444444445 1.694444444444444 2.194444444444445 2.194444444444445
0.333333333333333 0.150000000000000 0.083333333333333 0.111111111111111 0.226190476190476 0.583333333333333 0.250000000000000 0.000000000000000 0.166666666666667 0.416666666666667 0.444444444444444 1.083333333333333 0.416666666666667 1.083333333333333 0.583333333333333 0.361111111111111 1.333333333333333 0.611111111111111 0.611111111111111 0.361111111111111 1.083333333333333 1.111111111111111 0.611111111111111 1.333333333333333 0.611111111111111 2.333333333333333 1.416666666666667 0.861111111111111 1.361111111111111 2.416666666666667 1.916666666666667 1.416666666666667 2.083333333333333 2.283333333333333 1.616666666666666 0.910256410256410 2.416666666666667 2.916666666666667 2.416666666666667 2.616666666666666 3.416666666666667 2.416666666666667 1.583333333333333 1.361111111111111 2.361111111111111 1.611111111111111 1.410256410256410 1.410256410256410
0.219298245614035 0.222222222222222 0.250000000000000 0.166666666666667 0.416666666666667 0.666666666666667 0.416666666666667 0.166666666666667 0.000000000000000 0.583333333333333 0.500000000000000 1.250000000000000 0.583333333333333 1.166666666666667 0.750000000000000 0.416666666666667 1.219298245614035 0.666666666666667 0.666666666666667 0.416666666666667 0.666666666666667 1.166666666666667 0.666666666666667 1.219298245614035 0.666666666666667 2.219298245614035 1.000000000000000 0.916666666666667 1.416666666666667 1.916666666666667 1.500000000000000 1.000000000000000 1.416666666666667 1.666666666666667 0.916666666666667 1.166666666666667 2.222222222222222 2.722222222222222 1.916666666666667 1.916666666666667 3.666666666666667 2.666666666666667 1.166666666666667 1.416666666666667 2.416666666666667 1.666666666666667 2.166666666666667 2.166666666666667
0.583333333333333 0.400000000000000 0.333333333333333 0.361111111111111 0.476190476190476 0.666666666666667 0.333333333333333 0.416666666666667 0.583333333333333 0.000000000000000 0.694444444444444 1.333333333333333 0.666666666666667 1.333333333333333 0.833333333333333 0.611111111111111 1.583333333333333 0.861111111111111 0.861111111111111 0.611111111111111 1.333333333333333 1.361111111111111 0.861111111111111 1.583333333333333 0.861111111111111 2.583333333333333 1.666666666666667 1.111111111111111 1.611111111111111 2.666666666666667 2.166666666666667 1.666666666666667 2.333333333333333 2.533333333333333 1.866666666666666 1.160256410256410 2.666666666666667 3.166666666666667 2.666666666666667 2.866666666666666 3.666666666666667 2.666666666666667 1.833333333333333 1.611111111111111 2.611111111111111 1.861111111111111 1.660256410256410 1.660256410256410
0.385964912280702 0.388888888888889 0.361111111111111 0.333333333333333 0.583333333333333 0.833333333333333 0.527777777777778 0.444444444444444 0.500000000000000 0.694444444444444 0.000000000000000 0.333333333333333 0.666666666666667 1.333333333333333 0.861111111111111 0.583333333333333 1.385964912280702 0.833333333333333 0.833333333333333 0.583333333333333 0.833333333333333 1.333333333333333 0.833333333333333 1.385964912280702 0.833333333333333 2.385964912280702 1.166666666666667 1.083333333333333 1.583333333333333 2.083333333333333 1.666666666666667 1.166666666666667 1.583333333333333 1.833333333333333 1.083333333333333 1.333333333333333 2.388888888888889 2.888888888888889 2.083333333333333 2.083333333333333 3.833333333333333 2.833333333333333 1.333333333333333 1.583333333333333 2.583333333333333 1.833333333333333 2.333333333333333 2.333333333333333
0.833333333333333 1.066666666666667 1.000000000000000 0.666666666666667 1.142857142857143 2.000000000000000 1.166666666666667 1.083333333333333 1.250000000000000 1.333333333333333 0.333333333333333 0.000000000000000 0.333333333333333 2.000000000000000 1.500000000000000 1.000000000000000 1.833333333333333 0.833333333333333 1.166666666666667 0.916666666666667 0.833333333333333 1.666666666666667 0.833333333333333 1.166666666666667 1.166666666666667 2.833333333333333 1.166666666666667 1.416666666666667 1.916666666666667 2.166666666666667 1.666666666666667 1.166666666666667 1.833333333333333 2.033333333333333 1.366666666666666 1.410256410256410 2.166666666666667 2.666666666666667 2.166666666666667 2.366666666666666 3.166666666666667 2.166666666666667 1.333333333333333 1.916666666666667 2.916666666666667 1.833333333333333 2.666666666666667 2.666666666666667
0.500000000000000 0.400000000000000 0.333333333333333 0.361111111111111 0.476190476190476 0.726190476190476 0.500000000000000 0.416666666666667 0.583333333333333 0.666666666666667 0.666666666666667 0.333333333333333 0.000000000000000 1.333333333333333 0.833333333333333 1.333333333333333 1.500000000000000 0.500000000000000 0.833333333333333 1.500000000000000 0.500000000000000 0.576923076923077 0.500000000000000 1.500000000000000 0.833333333333333 2.500000000000000 0.833333333333333 2.000000000000000 2.500000000000000 1.833333333333333 1.333333333333333 0.833333333333333 1.500000000000000 1.700000000000000 2.500000000000000 1.076923076923077 1.833333333333333 2.333333333333333 1.833333333333333 3.500000000000000 2.833333333333333 1.833333333333333 1.000000000000000 2.500000000000000 3.500000000000000 1.500000000000000 1.576923076923077 1.576923076923077
1.052631578947368 1.055555555555556 1.000000000000000 1.000000000000000 1.250000000000000 1.500000000000000 1.166666666666667 1.083333333333333 1.166666666666667 1.333333333333333 1.333333333333333 2.000000000000000 1.333333333333333 0.000000000000000 1.500000000000000 1.250000000000000 2.052631578947368 1.500000000000000 1.500000000000000 1.250000000000000 1.500000000000000 2.000000000000000 1.500000000000000 2.052631578947368 1.500000000000000 3.052631578947368 1.833333333333333 1.750000000000000 2.250000000000000 2.750000000000000 2.333333333333333 1.833333333333333 2.250000000000000 2.500000000000000 1.750000000000000 2.000000000000000 3.055555555555555 3.555555555555555 2.750000000000000 2.750000000000000 4.500000000000000 3.500000000000000 2.000000000000000 2.250000000000000 3.250000000000000 2.500000000000000 3.000000000000000 3.000000000000000
0.750000000000000 0.566666666666667 0.500000000000000 0.527777777777778 0.642857142857143 1.250000000000000 0.666666666666667 0.583333333333333 0.750000000000000 0.833333333333333 0.861111111111111 1.500000000000000 0.833333333333333 1.500000000000000 0.000000000000000 0.250000000000000 1.750000000000000 1.027777777777778 1.027777777777778 0.777777777777778 1.500000000000000 1.527777777777778 1.027777777777778 1.750000000000000 1.027777777777778 2.750000000000000 1.833333333333333 1.277777777777778 1.777777777777778 2.833333333333333 2.333333333333333 1.833333333333333 2.500000000000000 2.700000000000000 2.033333333333333 1.326923076923077 2.833333333333333 3.333333333333333 2.833333333333333 3.033333333333333 3.833333333333333 2.833333333333333 2.000000000000000 1.777777777777778 2.777777777777778 2.027777777777778 1.826923076923077 1.826923076923077
0.302631578947368 0.305555555555556 0.750000000000000 0.250000000000000 0.500000000000000 1.000000000000000 1.333333333333333 0.361111111111111 0.416666666666667 0.611111111111111 0.583333333333333 1.000000000000000 1.333333333333333 1.250000000000000 0.250000000000000 0.000000000000000 1.302631578947368 0.750000000000000 0.750000000000000 0.500000000000000 0.750000000000000 1.250000000000000 0.750000000000000 1.302631578947368 0.750000000000000 2.302631578947368 1.083333333333333 1.000000000000000 1.500000000000000 2.000000000000000 1.583333333333333 1.083333333333333 1.500000000000000 1.750000000000000 1.000000000000000 1.250000000000000 2.083333333333333 2.805555555555555 2.000000000000000 2.000000000000000 3.750000000000000 2.750000000000000 1.250000000000000 1.500000000000000 2.500000000000000 1.750000000000000 2.250000000000000 2.250000000000000
1.000000000000000 1.076923076923077 1.250000000000000 1.052631578947368 2.000000000000000 2.250000000000000 1.416666666666667 1.333333333333333 1.219298245614035 1.583333333333333 1.385964912280702 1.833333333333333 1.500000000000000 2.052631578947368 1.750000000000000 1.302631578947368 0.000000000000000 1.000000000000000 1.333333333333333 2.000000000000000 1.000000000000000 1.076923076923077 1.552631578947368 2.000000000000000 1.333333333333333 1.000000000000000 2.000000000000000 2.500000000000000 3.000000000000000 3.000000000000000 2.500000000000000 1.333333333333333 2.000000000000000 2.333333333333333 2.076923076923077 1.576923076923077 2.333333333333333 2.833333333333333 2.333333333333333 3.076923076923077 3.333333333333333 2.333333333333333 1.500000000000000 3.000000000000000 4.000000000000000 2.000000000000000 2.076923076923077 2.076923076923077
1.000000000000000 0.555555555555556 0.527777777777778 0.500000000000000 0.750000000000000 1.000000000000000 0.694444444444444 0.611111111111111 0.666666666666667 0.861111111111111 0.833333333333333 0.833333333333333 0.500000000000000 1.500000000000000 1.027777777777778 0.750000000000000 1.000000000000000 0.000000000000000 0.333333333333333 1.000000000000000 1.000000000000000 1.000000000000000 1.000000000000000 2.000000000000000 1.058823529411765 2.000000000000000 3.000000000000000 1.500000000000000 2.000000000000000 2.500000000000000 3.500000000000000 1.055555555555556 2.000000000000000 2.200000000000000 2.000000000000000 1.500000000000000 2.055555555555555 2.555555555555555 3.000000000000000 3.000000000000000 3.055555555555555 2.055555555555555 1.500000000000000 2.000000000000000 3.000000000000000 1.000000000000000 2.000000000000000 2.000000000000000
1.333333333333333 0.555555555555556 0.527777777777778 0.500000000000000 0.750000000000000 1.000000000000000 0.694444444444444 0.611111111111111 0.666666666666667 0.861111111111111 0.833333333333333 1.166666666666667 0.833333333333333 1.500000000000000 1.027777777777778 0.750000000000000 1.333333333333333 0.333333333333333 0.000000000000000 0.750000000000000 0.250000000000000 0.500000000000000 1.000000000000000 0.333333333333333 0.558823529411765 2.333333333333333 0.583333333333333 1.250000000000000 1.750000000000000 1.583333333333333 1.083333333333333 0.555555555555556 1.250000000000000 1.450000000000000 1.500000000000000 0.500000000000000 1.555555555555556 2.055555555555555 2.500000000000000 2.500000000000000 2.555555555555555 1.555555555555556 0.750000000000000 1.750000000000000 2.750000000000000 1.333333333333333 1.500000000000000 1.500000000000000
0.302631578947368 0.305555555555556 0.277777777777778 0.250000000000000 0.500000000000000 0.750000000000000 0.444444444444444 0.361111111111111 0.416666666666667 0.611111111111111 0.583333333333333 0.916666666666667 1.500000000000000 1.250000000000000 0.777777777777778 0.500000000000000 2.000000000000000 1.000000000000000 0.750000000000000 0.000000000000000 1.000000000000000 1.083333333333333 0.750000000000000 1.333333333333333 0.500000000000000 3.000000000000000 1.333333333333333 0.500000000000000 1.000000000000000 1.500000000000000 1.833333333333333 1.250000000000000 1.000000000000000 1.200000000000000 0.750000000000000 1.500000000000000 2.250000000000000 2.750000000000000 1.750000000000000 1.750000000000000 3.200000000000000 2.200000000000000 1.500000000000000 1.000000000000000 2.000000000000000 2.000000000000000 2.000000000000000 2.083333333333333
0.062500000000000 0.555555555555556 1.000000000000000 0.500000000000000 0.750000000000000 1.000000000000000 1.166666666666667 1.083333333333333 0.666666666666667 1.333333333333333 0.833333333333333 0.833333333333333 0.500000000000000 1.500000000000000 1.500000000000000 0.750000000000000 1.000000000000000 1.000000000000000 0.250000000000000 1.000000000000000 0.000000000000000 0.083333333333333 1.000000000000000 0.333333333333333 0.333333333333333 2.000000000000000 0.333333333333333 1.500000000000000 2.000000000000000 1.333333333333333 0.833333333333333 0.333333333333333 1.000000000000000 1.200000000000000 0.533333333333333 0.583333333333333 1.333333333333333 1.833333333333333 1.333333333333333 1.533333333333333 2.333333333333333 1.333333333333333 0.500000000000000 2.000000000000000 3.000000000000000 1.083333333333333 1.083333333333333 1.083333333333333
0.076923076923077 0.153846153846154 0.326923076923077 1.000000000000000 1.076923076923077 1.500000000000000 1.194444444444444 1.111111111111111 1.166666666666667 1.361111111111111 1.333333333333333 1.666666666666667 0.576923076923077 2.000000000000000 1.527777777777778 1.250000000000000 1.076923076923077 1.000000000000000 0.500000000000000 1.083333333333333 0.083333333333333 0.000000000000000 1.500000000000000 1.076923076923077 0.058823529411765 2.076923076923077 0.416666666666667 1.750000000000000 2.250000000000000 1.416666666666667 0.916666666666667 0.055555555555556 0.305555555555556 1.250000000000000 1.000000000000000 0.500000000000000 1.055555555555556 1.555555555555556 2.000000000000000 2.000000000000000 2.055555555555555 1.055555555555556 0.583333333333333 2.250000000000000 2.250000000000000 1.000000000000000 1.000000000000000 1.000000000000000
0.552631578947368 0.555555555555556 0.527777777777778 0.500000000000000 0.750000000000000 1.000000000000000 0.694444444444444 0.611111111111111 0.666666666666667 0.861111111111111 0.833333333333333 0.833333333333333 0.500000000000000 1.500000000000000 1.027777777777778 0.750000000000000 1.552631578947368 1.000000000000000 1.000000000000000 0.750000000000000 1.000000000000000 1.500000000000000 0.000000000000000 1.552631578947368 1.000000000000000 2.552631578947368 1.333333333333333 1.250000000000000 1.750000000000000 2.250000000000000 1.833333333333333 1.333333333333333 1.750000000000000 2.000000000000000 1.250000000000000 1.500000000000000 2.555555555555555 3.055555555555555 2.250000000000000 2.250000000000000 4.000000000000000 3.000000000000000 1.500000000000000 1.750000000000000 2.750000000000000 2.000000000000000 2.500000000000000 2.500000000000000
1.000000000000000 1.076923076923077 1.250000000000000 1.052631578947368 2.000000000000000 2.250000000000000 1.416666666666667 1.333333333333333 1.219298245614035 1.583333333333333 1.385964912280702 1.166666666666667 1.500000000000000 2.052631578947368 1.750000000000000 1.302631578947368 2.000000000000000 2.000000000000000 0.333333333333333 1.333333333333333 0.333333333333333 1.076923076923077 1.552631578947368 0.000000000000000 1.333333333333333 3.000000000000000 0.666666666666667 1.833333333333333 2.333333333333333 1.666666666666667 1.166666666666667 1.250000000000000 1.000000000000000 1.200000000000000 2.076923076923077 0.833333333333333 2.250000000000000 2.166666666666667 1.666666666666667 3.076923076923077 2.666666666666667 1.666666666666667 0.833333333333333 2.333333333333333 2.200000000000000 1.666666666666667 2.000000000000000 2.076923076923077
0.135746606334842 0.555555555555556 0.527777777777778 0.500000000000000 0.750000000000000 1.000000000000000 0.694444444444444 0.611111111111111 0.666666666666667 0.861111111111111 0.833333333333333 1.166666666666667 0.833333333333333 1.500000000000000 1.027777777777778 0.750000000000000 1.333333333333333 1.058823529411765 0.558823529411765 0.500000000000000 0.333333333333333 0.058823529411765 1.000000000000000 1.333333333333333 0.000000000000000 2.333333333333333 0.666666666666667 1.000000000000000 1.500000000000000 2.000000000000000 1.166666666666667 0.200000000000000 0.333333333333333 1.000000000000000 0.250000000000000 1.000000000000000 1.200000000000000 1.700000000000000 1.250000000000000 1.250000000000000 3.000000000000000 2.000000000000000 0.833333333333333 1.500000000000000 2.000000000000000 1.058823529411765 1.058823529411765 1.058823529411765
2.000000000000000 2.076923076923077 2.250000000000000 2.052631578947368 3.000000000000000 3.250000000000000 2.416666666666667 2.333333333333333 2.219298245614035 2.583333333333333 2.385964912280702 2.833333333333333 2.500000000000000 3.052631578947368 2.750000000000000 2.302631578947368 1.000000000000000 2.000000000000000 2.333333333333333 3.000000000000000 2.000000000000000 2.076923076923077 2.552631578947368 3.000000000000000 2.333333333333333 0.000000000000000 1.000000000000000 3.500000000000000 2.500000000000000 2.000000000000000 1.500000000000000 2.333333333333333 3.000000000000000 3.333333333333333 3.076923076923077 2.576923076923077 3.333333333333333 3.833333333333333 3.333333333333333 4.076923076923077 4.333333333333334 3.333333333333333 2.500000000000000 4.000000000000000 5.000000000000000 3.000000000000000 3.076923076923077 3.076923076923077
0.395833333333333 0.472756410256410 1.333333333333333 0.833333333333333 1.083333333333333 1.333333333333333 1.500000000000000 1.416666666666667 1.000000000000000 1.666666666666667 1.166666666666667 1.166666666666667 0.833333333333333 1.833333333333333 1.833333333333333 1.083333333333333 2.000000000000000 3.000000000000000 0.583333333333333 1.333333333333333 0.333333333333333 0.416666666666667 1.333333333333333 0.666666666666667 0.666666666666667 1.000000000000000 0.000000000000000 1.833333333333333 1.500000000000000 1.000000000000000 0.500000000000000 0.666666666666667 1.333333333333333 1.666666666666667 1.416666666666667 0.916666666666667 1.666666666666667 2.166666666666667 1.666666666666667 2.416666666666667 2.666666666666667 1.666666666666667 0.833333333333333 2.333333333333333 3.333333333333333 1.416666666666667 1.416666666666667 1.416666666666667
0.802631578947368 0.805555555555556 0.777777777777778 0.750000000000000 1.000000000000000 1.250000000000000 0.944444444444444 0.861111111111111 0.916666666666667 1.111111111111111 1.083333333333333 1.416666666666667 2.000000000000000 1.750000000000000 1.277777777777778 1.000000000000000 2.500000000000000 1.500000000000000 1.250000000000000 0.500000000000000 1.500000000000000 1.750000000000000 1.250000000000000 1.833333333333333 1.000000000000000 3.500000000000000 1.833333333333333 0.000000000000000 0.500000000000000 1.000000000000000 1.500000000000000 1.200000000000000 1.500000000000000 2.000000000000000 1.250000000000000 2.000000000000000 2.750000000000000 3.250000000000000 2.250000000000000 2.250000000000000 3.700000000000000 2.700000000000000 2.000000000000000 1.500000000000000 2.500000000000000 2.500000000000000 2.500000000000000 2.583333333333333
1.302631578947368 1.305555555555556 1.277777777777778 1.250000000000000 1.500000000000000 1.750000000000000 1.444444444444444 1.361111111111111 1.416666666666667 1.611111111111111 1.583333333333333 1.916666666666667 2.500000000000000 2.250000000000000 1.777777777777778 1.500000000000000 3.000000000000000 2.000000000000000 1.750000000000000 1.000000000000000 2.000000000000000 2.250000000000000 1.750000000000000 2.333333333333333 1.500000000000000 2.500000000000000 1.500000000000000 0.500000000000000 0.000000000000000 0.500000000000000 1.000000000000000 1.700000000000000 2.000000000000000 2.500000000000000 1.750000000000000 2.500000000000000 3.250000000000000 3.750000000000000 2.750000000000000 2.750000000000000 4.200000000000000 3.200000000000000 2.500000000000000 2.000000000000000 3.000000000000000 3.000000000000000 3.000000000000000 3.083333333333333
1.395833333333333 1.472756410256410 2.333333333333333 1.750000000000000 2.000000000000000 2.250000000000000 2.500000000000000 2.416666666666667 1.916666666666667 2.666666666666667 2.083333333333333 2.166666666666667 1.833333333333333 2.750000000000000 2.833333333333333 2.000000000000000 3.000000000000000 2.500000000000000 1.583333333333333 1.500000000000000 1.333333333333333 1.416666666666667 2.250000000000000 1.666666666666667 2.000000000000000 2.000000000000000 1.000000000000000 1.000000000000000 0.500000000000000 0.000000000000000 0.500000000000000 1.666666666666667 2.500000000000000 3.000000000000000 2.250000000000000 3.000000000000000 2.666666666666667 3.166666666666667 2.666666666666667 3.250000000000000 3.666666666666667 2.666666666666667 1.833333333333333 2.500000000000000 3.500000000000000 3.500000000000000 2.416666666666667 2.416666666666667
0.895833333333333 0.972756410256410 1.833333333333333 1.333333333333333 1.583333333333333 1.833333333333333 2.000000000000000 1.916666666666667 1.500000000000000 2.166666666666667 1.666666666666667 1.666666666666667 1.333333333333333 2.333333333333333 2.333333333333333 1.583333333333333 2.500000000000000 3.500000000000000 1.083333333333333 1.833333333333333 0.833333333333333 0.916666666666667 1.833333333333333 1.166666666666667 1.166666666666667 1.500000000000000 0.500000000000000 1.500000000000000 1.000000000000000 0.500000000000000 0.000000000000000 1.166666666666667 1.833333333333333 2.166666666666667 1.916666666666667 1.416666666666667 2.166666666666667 2.666666666666667 2.166666666666667 2.916666666666667 3.166666666666667 2.166666666666667 1.333333333333333 2.833333333333333 3.833333333333333 1.916666666666667 1.916666666666667 1.916666666666667
0.132478632478632 0.472756410256410 1.333333333333333 1.055555555555556 1.083333333333333 1.333333333333333 1.500000000000000 1.416666666666667 1.000000000000000 1.666666666666667 1.166666666666667 1.166666666666667 0.833333333333333 1.833333333333333 1.833333333333333 1.083333333333333 1.333333333333333 1.055555555555556 0.555555555555556 1.250000000000000 0.333333333333333 0.055555555555556 1.333333333333333 1.250000000000000 0.200000000000000 2.333333333333333 0.666666666666667 1.200000000000000 1.700000000000000 1.666666666666667 1.166666666666667 0.000000000000000 0.250000000000000 0.450000000000000 0.200000000000000 0.555555555555556 1.000000000000000 1.500000000000000 1.000000000000000 1.200000000000000 2.000000000000000 1.000000000000000 0.833333333333333 1.700000000000000 1.450000000000000 1.055555555555556 1.055555555555556 1.055555555555556
1.062500000000000 1.139423076923077 2.000000000000000 0.833333333333333 1.500000000000000 1.750000000000000 2.166666666666667 2.083333333333333 1.416666666666667 2.333333333333333 1.583333333333333 1.833333333333333 1.500000000000000 2.250000000000000 2.500000000000000 1.500000000000000 2.000000000000000 2.000000000000000 1.250000000000000 1.000000000000000 1.000000000000000 0.305555555555556 1.750000000000000 1.000000000000000 0.333333333333333 3.000000000000000 1.333333333333333 1.500000000000000 2.000000000000000 2.500000000000000 1.833333333333333 0.250000000000000 0.000000000000000 0.200000000000000 0.450000000000000 1.333333333333333 1.250000000000000 1.750000000000000 1.250000000000000 1.450000000000000 2.200000000000000 1.200000000000000 0.500000000000000 2.000000000000000 1.200000000000000 3.000000000000000 1.000000000000000 2.083333333333333
1.262500000000000 1.555555555555556 2.200000000000000 1.500000000000000 1.750000000000000 2.000000000000000 2.366666666666667 2.283333333333333 1.666666666666667 2.533333333333333 1.833333333333333 2.033333333333333 1.700000000000000 2.500000000000000 2.700000000000000 1.750000000000000 2.333333333333333 2.200000000000000 1.450000000000000 1.200000000000000 1.200000000000000 1.250000000000000 2.000000000000000 1.200000000000000 1.000000000000000 3.333333333333333 1.666666666666667 2.000000000000000 2.500000000000000 3.000000000000000 2.166666666666667 0.450000000000000 0.200000000000000 0.000000000000000 0.250000000000000 2.000000000000000 1.450000000000000 2.250000000000000 1.250000000000000 1.250000000000000 2.000000000000000 1.000000000000000 0.700000000000000 2.000000000000000 1.000000000000000 2.058823529411764 1.200000000000000 2.058823529411764
1.076923076923077 1.153846153846154 1.533333333333333 0.750000000000000 1.000000000000000 1.250000000000000 1.700000000000000 1.616666666666666 0.916666666666667 1.866666666666666 1.083333333333333 1.366666666666666 2.500000000000000 1.750000000000000 2.033333333333333 1.000000000000000 2.076923076923077 2.000000000000000 1.500000000000000 0.750000000000000 0.533333333333333 1.000000000000000 1.250000000000000 2.076923076923077 0.250000000000000 3.076923076923077 1.416666666666667 1.250000000000000 1.750000000000000 2.250000000000000 1.916666666666667 0.200000000000000 0.450000000000000 0.250000000000000 0.000000000000000 1.500000000000000 1.200000000000000 2.000000000000000 1.000000000000000 1.000000000000000 3.000000000000000 2.000000000000000 1.583333333333333 1.750000000000000 1.250000000000000 2.000000000000000 2.000000000000000 2.000000000000000
0.576923076923077 0.653846153846154 0.826923076923077 1.500000000000000 1.250000000000000 1.826923076923077 0.993589743589744 0.910256410256410 1.166666666666667 1.160256410256410 1.333333333333333 1.410256410256410 1.076923076923077 2.000000000000000 1.326923076923077 1.250000000000000 1.576923076923077 1.500000000000000 0.500000000000000 1.500000000000000 0.583333333333333 0.500000000000000 1.500000000000000 0.833333333333333 1.000000000000000 2.576923076923077 0.916666666666667 2.000000000000000 2.500000000000000 3.000000000000000 1.416666666666667 0.555555555555556 1.333333333333333 2.000000000000000 1.500000000000000 0.000000000000000 1.555555555555556 2.055555555555555 1.555555555555556 2.250000000000000 2.555555555555555 1.555555555555556 1.083333333333333 2.500000000000000 3.000000000000000 1.500000000000000 1.500000000000000 1.000000000000000
1.132478632478632 1.209401709401709 2.333333333333333 2.055555555555555 2.083333333333333 2.333333333333333 2.500000000000000 2.416666666666667 2.222222222222222 2.666666666666667 2.388888888888889 2.166666666666667 1.833333333333333 3.055555555555555 2.833333333333333 2.083333333333333 2.333333333333333 2.055555555555555 1.555555555555556 2.250000000000000 1.333333333333333 1.055555555555556 2.555555555555555 2.250000000000000 1.200000000000000 3.333333333333333 1.666666666666667 2.750000000000000 3.250000000000000 2.666666666666667 2.166666666666667 1.000000000000000 1.250000000000000 1.450000000000000 1.200000000000000 1.555555555555556 0.000000000000000 0.500000000000000 1.500000000000000 1.000000000000000 1.500000000000000 2.000000000000000 1.833333333333333 3.250000000000000 2.450000000000000 2.055555555555555 2.055555555555555 2.055555555555555
1.632478632478632 1.709401709401709 2.833333333333333 2.555555555555555 2.805555555555555 2.882478632478632 3.000000000000000 2.916666666666667 2.722222222222222 3.166666666666667 2.888888888888889 2.666666666666667 2.333333333333333 3.555555555555555 3.333333333333333 2.805555555555555 2.833333333333333 2.555555555555555 2.055555555555555 2.750000000000000 1.833333333333333 1.555555555555556 3.055555555555555 2.166666666666667 1.700000000000000 3.833333333333333 2.166666666666667 3.250000000000000 3.750000000000000 3.166666666666667 2.666666666666667 1.500000000000000 1.750000000000000 2.250000000000000 2.000000000000000 2.055555555555555 0.500000000000000 0.000000000000000 1.000000000000000 1.500000000000000 1.000000000000000 2.000000000000000 2.333333333333333 3.750000000000000 3.250000000000000 2.555555555555555 2.555555555555555 2.555555555555555
2.076923076923077 1.805555555555556 2.333333333333333 1.750000000000000 2.000000000000000 2.333333333333333 2.500000000000000 2.416666666666667 1.916666666666667 2.666666666666667 2.083333333333333 2.166666666666667 1.833333333333333 2.750000000000000 2.833333333333333 2.000000000000000 2.333333333333333 3.000000000000000 2.500000000000000 1.750000000000000 1.333333333333333 2.000000000000000 2.250000000000000 1.666666666666667 1.250000000000000 3.333333333333333 1.666666666666667 2.250000000000000 2.750000000000000 2.666666666666667 2.166666666666667 1.000000000000000 1.250000000000000 1.250000000000000 1.000000000000000 1.555555555555556 1.500000000000000 1.000000000000000 0.000000000000000 2.000000000000000 2.000000000000000 1.000000000000000 1.833333333333333 3.250000000000000 2.250000000000000 2.055555555555555 2.055555555555555 2.055555555555555
2.076923076923077 2.153846153846154 2.533333333333333 1.750000000000000 2.000000000000000 2.250000000000000 2.700000000000000 2.616666666666666 1.916666666666667 2.866666666666666 2.083333333333333 2.366666666666666 3.500000000000000 2.750000000000000 3.033333333333333 2.000000000000000 3.076923076923077 3.000000000000000 2.500000000000000 1.750000000000000 1.533333333333333 2.000000000000000 2.250000000000000 3.076923076923077 1.250000000000000 4.076923076923077 2.416666666666667 2.250000000000000 2.750000000000000 3.250000000000000 2.916666666666667 1.200000000000000 1.450000000000000 1.250000000000000 1.000000000000000 2.250000000000000 1.000000000000000 1.500000000000000 2.000000000000000 0.000000000000000 2.500000000000000 2.250000000000000 2.583333333333333 2.750000000000000 2.250000000000000 3.000000000000000 3.000000000000000 3.000000000000000
2.132478632478632 3.555555555555555 3.333333333333333 3.500000000000000 3.750000000000000 3.333333333333333 3.500000000000000 3.416666666666667 3.666666666666667 3.666666666666667 3.833333333333333 3.166666666666667 2.833333333333333 4.500000000000000 3.833333333333333 3.750000000000000 3.333333333333333 3.055555555555555 2.555555555555555 3.200000000000000 2.333333333333333 2.055555555555555 4.000000000000000 2.666666666666667 3.000000000000000 4.333333333333334 2.666666666666667 3.700000000000000 4.200000000000000 3.666666666666667 3.166666666666667 2.000000000000000 2.200000000000000 2.000000000000000 3.000000000000000 2.555555555555555 1.500000000000000 1.000000000000000 2.000000000000000 2.500000000000000 0.000000000000000 1.000000000000000 2.833333333333333 4.000000000000000 3.000000000000000 3.055555555555555 3.055555555555555 3.055555555555555
1.132478632478632 2.555555555555555 2.333333333333333 2.500000000000000 2.750000000000000 2.333333333333333 2.500000000000000 2.416666666666667 2.666666666666667 2.666666666666667 2.833333333333333 2.166666666666667 1.833333333333333 3.500000000000000 2.833333333333333 2.750000000000000 2.333333333333333 2.055555555555555 1.555555555555556 2.200000000000000 1.333333333333333 1.055555555555556 3.000000000000000 1.666666666666667 2.000000000000000 3.333333333333333 1.666666666666667 2.700000000000000 3.200000000000000 2.666666666666667 2.166666666666667 1.000000000000000 1.200000000000000 1.000000000000000 2.000000000000000 1.555555555555556 2.000000000000000 2.000000000000000 1.000000000000000 2.250000000000000 1.000000000000000 0.000000000000000 1.833333333333333 3.000000000000000 2.000000000000000 2.055555555555555 2.055555555555555 2.055555555555555
0.562500000000000 1.055555555555556 1.500000000000000 1.000000000000000 1.250000000000000 1.500000000000000 1.666666666666667 1.583333333333333 1.166666666666667 1.833333333333333 1.333333333333333 1.333333333333333 1.000000000000000 2.000000000000000 2.000000000000000 1.250000000000000 1.500000000000000 1.500000000000000 0.750000000000000 1.500000000000000 0.500000000000000 0.583333333333333 1.500000000000000 0.833333333333333 0.833333333333333 2.500000000000000 0.833333333333333 2.000000000000000 2.500000000000000 1.833333333333333 1.333333333333333 0.833333333333333 0.500000000000000 0.700000000000000 1.583333333333333 1.083333333333333 1.833333333333333 2.333333333333333 1.833333333333333 2.583333333333333 2.833333333333333 1.833333333333333 0.000000000000000 2.500000000000000 1.700000000000000 1.583333333333333 1.500000000000000 1.583333333333333
1.302631578947368 1.305555555555556 1.277777777777778 1.250000000000000 1.500000000000000 1.750000000000000 1.444444444444444 1.361111111111111 1.416666666666667 1.611111111111111 1.583333333333333 1.916666666666667 2.500000000000000 2.250000000000000 1.777777777777778 1.500000000000000 3.000000000000000 2.000000000000000 1.750000000000000 1.000000000000000 2.000000000000000 2.250000000000000 1.750000000000000 2.333333333333333 1.500000000000000 4.000000000000000 2.333333333333333 1.500000000000000 2.000000000000000 2.500000000000000 2.833333333333333 1.700000000000000 2.000000000000000 2.000000000000000 1.750000000000000 2.500000000000000 3.250000000000000 3.750000000000000 3.250000000000000 2.750000000000000 4.000000000000000 3.000000000000000 2.500000000000000 0.000000000000000 1.000000000000000 3.000000000000000 3.000000000000000 3.083333333333333
2.302631578947368 2.305555555555555 2.277777777777778 2.250000000000000 2.500000000000000 2.750000000000000 2.444444444444445 2.361111111111111 2.416666666666667 2.611111111111111 2.583333333333333 2.916666666666667 3.500000000000000 3.250000000000000 2.777777777777778 2.500000000000000 4.000000000000000 3.000000000000000 2.750000000000000 2.000000000000000 3.000000000000000 2.250000000000000 2.750000000000000 2.200000000000000 2.000000000000000 5.000000000000000 3.333333333333333 2.500000000000000 3.000000000000000 3.500000000000000 3.833333333333333 1.450000000000000 1.200000000000000 1.000000000000000 1.250000000000000 3.000000000000000 2.450000000000000 3.250000000000000 2.250000000000000 2.250000000000000 3.000000000000000 2.000000000000000 1.700000000000000 1.000000000000000 0.000000000000000 4.000000000000000 2.200000000000000 3.058823529411764
2.000000000000000 1.555555555555556 1.527777777777778 1.500000000000000 1.750000000000000 2.000000000000000 1.694444444444444 1.611111111111111 1.666666666666667 1.861111111111111 1.833333333333333 1.833333333333333 1.500000000000000 2.500000000000000 2.027777777777778 1.750000000000000 2.000000000000000 1.000000000000000 1.333333333333333 2.000000000000000 1.083333333333333 1.000000000000000 2.000000000000000 1.666666666666667 1.058823529411765 3.000000000000000 1.416666666666667 2.500000000000000 3.000000000000000 3.500000000000000 1.916666666666667 1.055555555555556 3.000000000000000 2.058823529411764 2.000000000000000 1.500000000000000 2.055555555555555 2.555555555555555 2.055555555555555 3.000000000000000 3.055555555555555 2.055555555555555 1.583333333333333 3.000000000000000 4.000000000000000 0.000000000000000 2.000000000000000 2.000000000000000
