0.000000000000000 0.500000000000000 0.090909090909091 0.290909090909091 0.600000000000000 0.100000000000000 0.041666666666667 0.233766233766234 1.333333333333333 1.000000000000000 0.134482758620690 0.208333333333333 0.208333333333333 0.333333333333333 1.000000000000000 1.000000000000000 0.541666666666667 1.000000000000000 0.200000000000000 0.271428571428571 0.076923076923077 0.541666666666667 0.166666666666667 0.361111111111111 0.250000000000000 1.076923076923077 1.041666666666667 1.041666666666667 1.041666666666667 1.041666666666667 1.000000000000000 0.541666666666667 1.134482758620690
0.500000000000000 0.000000000000000 0.500000000000000 0.700000000000000 0.833333333333333 0.333333333333333 1.000000000000000 0.642857142857143 0.976190476190476 0.666666666666667 1.000000000000000 1.166666666666667 1.166666666666667 1.333333333333333 1.142857142857143 0.500000000000000 1.500000000000000 1.500000000000000 1.200000000000000 1.100000000000000 1.166666666666667 1.500000000000000 0.666666666666667 1.111111111111111 1.000000000000000 2.166666666666667 2.000000000000000 2.000000000000000 2.000000000000000 2.000000000000000 1.500000000000000 1.500000000000000 2.000000000000000
0.090909090909091 0.500000000000000 0.000000000000000 0.200000000000000 0.400000000000000 0.038461538461538 0.052631578947368 0.142857142857143 0.476190476190476 0.371794871794872 0.083333333333333 0.219298245614035 0.219298245614035 0.385964912280702 0.250000000000000 0.205128205128205 0.552631578947368 1.090909090909091 0.571428571428571 0.500000000000000 0.642857142857143 0.552631578947368 0.257575757575758 1.052631578947368 0.340909090909091 1.642857142857143 1.500000000000000 0.833333333333333 1.083333333333333 1.052631578947368 1.090909090909091 0.552631578947368 1.083333333333333
0.290909090909091 0.700000000000000 0.200000000000000 0.000000000000000 0.200000000000000 0.700000000000000 0.252631578947368 0.342857142857143 0.676190476190476 1.290909090909091 0.283333333333333 0.419298245614035 1.200000000000000 0.624242424242424 0.450000000000000 1.290909090909091 1.200000000000000 1.290909090909091 0.490909090909091 0.700000000000000 0.367832167832168 0.752631578947368 0.457575757575758 1.252631578947368 1.700000000000000 1.842857142857143 1.252631578947368 1.252631578947368 1.252631578947368 1.252631578947368 1.290909090909091 0.752631578947368 1.283333333333333
0.600000000000000 0.833333333333333 0.400000000000000 0.200000000000000 0.000000000000000 0.500000000000000 1.000000000000000 0.542857142857143 1.166666666666667 0.833333333333333 0.534482758620690 1.166666666666667 1.000000000000000 1.333333333333333 1.142857142857143 0.666666666666667 1.000000000000000 1.600000000000000 1.200000000000000 1.100000000000000 1.166666666666667 1.500000000000000 0.766666666666667 2.000000000000000 1.500000000000000 2.166666666666667 2.000000000000000 2.000000000000000 2.000000000000000 2.000000000000000 1.600000000000000 1.500000000000000 1.534482758620690
0.100000000000000 0.333333333333333 0.038461538461538 0.700000000000000 0.500000000000000 0.000000000000000 0.033333333333333 0.181318681318681 0.666666666666667 0.333333333333333 0.034482758620690 0.200000000000000 0.200000000000000 0.366666666666667 0.176190476190476 0.166666666666667 1.500000000000000 1.100000000000000 1.000000000000000 1.071428571428571 0.200000000000000 0.533333333333333 0.266666666666667 1.111111111111111 1.000000000000000 1.200000000000000 1.033333333333333 1.033333333333333 1.034482758620690 1.033333333333333 1.100000000000000 0.533333333333333 1.034482758620690
0.041666666666667 1.000000000000000 0.052631578947368 0.252631578947368 1.000000000000000 0.033333333333333 0.000000000000000 0.195488721804511 0.528822055137845 0.366666666666667 1.000000000000000 0.166666666666667 0.166666666666667 0.333333333333333 0.142857142857143 0.200000000000000 0.500000000000000 1.041666666666667 0.200000000000000 0.100000000000000 0.166666666666667 0.500000000000000 0.208333333333333 1.000000000000000 1.111111111111111 1.166666666666667 1.000000000000000 1.000000000000000 1.000000000000000 1.000000000000000 1.041666666666667 0.500000000000000 2.000000000000000
0.233766233766234 0.642857142857143 0.142857142857143 0.342857142857143 0.542857142857143 0.181318681318681 0.195488721804511 0.000000000000000 0.333333333333333 0.666666666666667 0.250000000000000 0.362155388471178 0.362155388471178 0.567099567099567 0.392857142857143 0.583333333333333 0.695488721804511 1.233766233766234 0.433766233766234 0.642857142857143 0.310689310689311 0.695488721804511 0.400432900432900 1.195488721804511 1.642857142857143 1.785714285714286 1.195488721804511 1.195488721804511 1.250000000000000 1.195488721804511 1.233766233766234 0.695488721804511 1.250000000000000
1.333333333333333 0.976190476190476 0.476190476190476 0.676190476190476 1.166666666666667 0.666666666666667 0.528822055137845 0.333333333333333 0.000000000000000 0.333333333333333 0.583333333333333 1.500000000000000 1.333333333333333 1.666666666666667 0.726190476190476 0.916666666666667 2.166666666666667 2.333333333333333 1.666666666666667 0.976190476190476 1.410256410256410 1.875000000000000 1.500000000000000 1.694444444444444 1.666666666666667 2.410256410256410 1.976190476190476 1.309523809523810 1.583333333333333 2.375000000000000 2.333333333333333 1.028822055137845 1.583333333333333
1.000000000000000 0.666666666666667 0.371794871794872 1.290909090909091 0.833333333333333 0.333333333333333 0.366666666666667 0.666666666666667 0.333333333333333 0.000000000000000 0.367816091954023 1.166666666666667 1.000000000000000 1.333333333333333 2.000000000000000 0.500000000000000 1.833333333333333 2.000000000000000 1.200000000000000 0.871794871794872 1.076923076923077 0.866666666666667 1.166666666666667 1.366666666666667 1.250000000000000 2.076923076923077 2.041666666666667 1.366666666666667 1.367816091954023 2.041666666666667 2.000000000000000 1.541666666666667 1.367816091954023
0.134482758620690 1.000000000000000 0.083333333333333 0.283333333333333 0.534482758620690 0.034482758620690 1.000000000000000 0.250000000000000 0.583333333333333 0.367816091954023 0.000000000000000 1.166666666666667 1.166666666666667 1.333333333333333 0.250000000000000 0.333333333333333 1.500000000000000 2.500000000000000 1.200000000000000 1.100000000000000 1.166666666666667 1.500000000000000 1.666666666666667 2.000000000000000 1.034482758620690 2.166666666666667 2.000000000000000 2.000000000000000 1.000000000000000 2.000000000000000 2.500000000000000 1.500000000000000 1.000000000000000
0.208333333333333 1.166666666666667 0.219298245614035 0.419298245614035 1.166666666666667 0.200000000000000 0.166666666666667 0.362155388471178 1.500000000000000 1.166666666666667 1.166666666666667 0.000000000000000 0.166666666666667 0.500000000000000 0.309523809523810 1.208333333333333 0.666666666666667 1.208333333333333 0.366666666666667 0.266666666666667 0.333333333333333 0.666666666666667 0.375000000000000 1.166666666666667 0.458333333333333 1.333333333333333 1.166666666666667 1.166666666666667 1.166666666666667 1.166666666666667 1.208333333333333 0.666666666666667 2.166666666666667
0.208333333333333 1.166666666666667 0.219298245614035 1.200000000000000 1.000000000000000 0.200000000000000 0.166666666666667 0.362155388471178 1.333333333333333 1.000000000000000 1.166666666666667 0.166666666666667 0.000000000000000 0.500000000000000 0.309523809523810 1.208333333333333 2.000000000000000 1.208333333333333 0.366666666666667 0.266666666666667 0.333333333333333 0.666666666666667 0.375000000000000 1.166666666666667 0.458333333333333 1.333333333333333 1.166666666666667 1.166666666666667 1.166666666666667 1.166666666666667 1.208333333333333 0.666666666666667 2.166666666666667
0.333333333333333 1.333333333333333 0.385964912280702 0.624242424242424 1.333333333333333 0.366666666666667 0.333333333333333 0.567099567099567 1.666666666666667 1.333333333333333 1.333333333333333 0.500000000000000 0.500000000000000 0.000000000000000 0.166666666666667 0.266666666666667 0.833333333333333 1.333333333333333 0.533333333333333 0.433333333333333 0.500000000000000 0.833333333333333 0.500000000000000 1.333333333333333 0.583333333333333 1.500000000000000 1.333333333333333 1.333333333333333 1.333333333333333 1.333333333333333 1.333333333333333 0.833333333333333 1.416666666666667
1.000000000000000 1.142857142857143 0.250000000000000 0.450000000000000 1.142857142857143 0.176190476190476 0.142857142857143 0.392857142857143 0.726190476190476 2.000000000000000 0.250000000000000 0.309523809523810 0.309523809523810 0.166666666666667 0.000000000000000 0.100000000000000 0.642857142857143 2.000000000000000 0.342857142857143 0.242857142857143 0.309523809523810 0.642857142857143 1.166666666666667 1.142857142857143 1.250000000000000 1.309523809523810 1.142857142857143 1.142857142857143 1.250000000000000 1.142857142857143 2.000000000000000 0.642857142857143 1.250000000000000
1.000000000000000 0.500000000000000 0.205128205128205 1.290909090909091 0.666666666666667 0.166666666666667 0.200000000000000 0.583333333333333 0.916666666666667 0.500000000000000 0.333333333333333 1.208333333333333 1.208333333333333 0.266666666666667 0.100000000000000 0.000000000000000 1.666666666666667 2.000000000000000 1.200000000000000 0.705128205128205 1.076923076923077 0.700000000000000 1.166666666666667 1.200000000000000 1.250000000000000 2.076923076923077 2.041666666666667 1.200000000000000 1.333333333333333 2.041666666666667 2.000000000000000 1.541666666666667 1.333333333333333
0.541666666666667 1.500000000000000 0.552631578947368 1.200000000000000 1.000000000000000 1.500000000000000 0.500000000000000 0.695488721804511 2.166666666666667 1.833333333333333 1.500000000000000 0.666666666666667 2.000000000000000 0.833333333333333 0.642857142857143 1.666666666666667 0.000000000000000 1.541666666666667 1.071428571428571 1.000000000000000 1.142857142857143 1.000000000000000 2.000000000000000 1.500000000000000 2.500000000000000 1.666666666666667 2.000000000000000 1.333333333333333 1.500000000000000 1.500000000000000 2.000000000000000 1.000000000000000 2.500000000000000
1.000000000000000 1.500000000000000 1.090909090909091 1.290909090909091 1.600000000000000 1.100000000000000 1.041666666666667 1.233766233766234 2.333333333333333 2.000000000000000 2.500000000000000 1.208333333333333 1.208333333333333 1.333333333333333 2.000000000000000 2.000000000000000 1.541666666666667 0.000000000000000 1.000000000000000 1.071428571428571 1.000000000000000 1.541666666666667 1.000000000000000 2.000000000000000 1.250000000000000 2.000000000000000 2.500000000000000 2.041666666666667 2.041666666666667 2.041666666666667 2.000000000000000 1.541666666666667 3.500000000000000
0.200000000000000 1.200000000000000 0.571428571428571 0.490909090909091 1.200000000000000 1.000000000000000 0.200000000000000 0.433766233766234 1.666666666666667 1.200000000000000 1.200000000000000 0.366666666666667 0.366666666666667 0.533333333333333 0.342857142857143 1.200000000000000 1.071428571428571 1.000000000000000 0.000000000000000 0.071428571428571 0.214285714285714 0.700000000000000 1.000000000000000 1.111111111111111 1.000000000000000 1.214285714285714 1.071428571428571 0.404761904761905 1.200000000000000 1.200000000000000 1.200000000000000 0.700000000000000 2.034482758620690
0.271428571428571 1.100000000000000 0.500000000000000 0.700000000000000 1.100000000000000 1.071428571428571 0.100000000000000 0.642857142857143 0.976190476190476 0.871794871794872 1.100000000000000 0.266666666666667 0.266666666666667 0.433333333333333 0.242857142857143 0.705128205128205 1.000000000000000 1.071428571428571 0.071428571428571 0.000000000000000 0.142857142857143 0.083333333333333 1.000000000000000 0.416666666666667 1.071428571428571 1.142857142857143 1.000000000000000 0.333333333333333 1.100000000000000 1.100000000000000 1.000000000000000 0.600000000000000 1.583333333333333
0.076923076923077 1.166666666666667 0.642857142857143 0.367832167832168 1.166666666666667 0.200000000000000 0.166666666666667 0.310689310689311 1.410256410256410 1.076923076923077 1.166666666666667 0.333333333333333 0.333333333333333 0.500000000000000 0.309523809523810 1.076923076923077 1.142857142857143 1.000000000000000 0.214285714285714 0.142857142857143 0.000000000000000 0.666666666666667 0.111111111111111 1.000000000000000 1.111111111111111 1.000000000000000 1.500000000000000 0.476190476190476 1.166666666666667 1.166666666666667 1.076923076923077 0.666666666666667 2.166666666666667
0.541666666666667 1.500000000000000 0.552631578947368 0.752631578947368 1.500000000000000 0.533333333333333 0.500000000000000 0.695488721804511 1.875000000000000 0.866666666666667 1.500000000000000 0.666666666666667 0.666666666666667 0.833333333333333 0.642857142857143 0.700000000000000 1.000000000000000 1.541666666666667 0.700000000000000 0.083333333333333 0.666666666666667 0.000000000000000 1.083333333333333 0.333333333333333 0.444444444444444 1.226190476190476 1.083333333333333 1.000000000000000 1.500000000000000 1.500000000000000 1.083333333333333 1.000000000000000 2.500000000000000
0.166666666666667 0.666666666666667 0.257575757575758 0.457575757575758 0.766666666666667 0.266666666666667 0.208333333333333 0.400432900432900 1.500000000000000 1.166666666666667 1.666666666666667 0.375000000000000 0.375000000000000 0.500000000000000 1.166666666666667 1.166666666666667 2.000000000000000 1.000000000000000 1.000000000000000 1.000000000000000 0.111111111111111 1.083333333333333 0.000000000000000 1.111111111111111 0.416666666666667 1.111111111111111 2.000000000000000 1.333333333333333 1.208333333333333 1.208333333333333 1.166666666666667 0.708333333333333 2.666666666666667
0.361111111111111 1.111111111111111 1.052631578947368 1.252631578947368 2.000000000000000 1.111111111111111 1.000000000000000 1.195488721804511 1.694444444444444 1.366666666666667 2.000000000000000 1.166666666666667 1.166666666666667 1.333333333333333 1.142857142857143 1.200000000000000 1.500000000000000 2.000000000000000 1.111111111111111 0.416666666666667 1.000000000000000 0.333333333333333 1.111111111111111 0.000000000000000 0.111111111111111 2.000000000000000 2.000000000000000 1.333333333333333 2.000000000000000 2.000000000000000 1.416666666666667 1.500000000000000 3.000000000000000
0.250000000000000 1.000000000000000 0.340909090909091 1.700000000000000 1.500000000000000 1.000000000000000 1.111111111111111 1.642857142857143 1.666666666666667 1.250000000000000 1.034482758620690 0.458333333333333 0.458333333333333 0.583333333333333 1.250000000000000 1.250000000000000 2.500000000000000 1.250000000000000 1.000000000000000 1.071428571428571 1.111111111111111 0.444444444444444 0.416666666666667 0.111111111111111 0.000000000000000 1.326923076923077 2.071428571428571 1.404761904761905 2.034482758620690 0.500000000000000 1.250000000000000 0.791666666666667 1.500000000000000
1.076923076923077 2.166666666666667 1.642857142857143 1.842857142857143 2.166666666666667 1.200000000000000 1.166666666666667 1.785714285714286 2.410256410256410 2.076923076923077 2.166666666666667 1.333333333333333 1.333333333333333 1.500000000000000 1.309523809523810 2.076923076923077 1.666666666666667 2.000000000000000 1.214285714285714 1.142857142857143 1.000000000000000 1.226190476190476 1.111111111111111 2.000000000000000 1.326923076923077 0.000000000000000 0.500000000000000 2.000000000000000 2.166666666666667 2.166666666666667 1.000000000000000 1.666666666666667 3.166666666666667
1.041666666666667 2.000000000000000 1.500000000000000 1.252631578947368 2.000000000000000 1.033333333333333 1.000000000000000 1.195488721804511 1.976190476190476 2.041666666666667 2.000000000000000 1.166666666666667 1.166666666666667 1.333333333333333 1.142857142857143 2.041666666666667 2.000000000000000 2.500000000000000 1.071428571428571 1.000000000000000 1.500000000000000 1.083333333333333 2.000000000000000 2.000000000000000 2.071428571428571 0.500000000000000 0.000000000000000 1.333333333333333 2.000000000000000 2.000000000000000 2.000000000000000 1.500000000000000 3.000000000000000
1.041666666666667 2.000000000000000 0.833333333333333 1.252631578947368 2.000000000000000 1.033333333333333 1.000000000000000 1.195488721804511 1.309523809523810 1.366666666666667 2.000000000000000 1.166666666666667 1.166666666666667 1.333333333333333 1.142857142857143 1.200000000000000 1.333333333333333 2.041666666666667 0.404761904761905 0.333333333333333 0.476190476190476 1.000000000000000 1.333333333333333 1.333333333333333 1.404761904761905 2.000000000000000 1.333333333333333 0.000000000000000 2.000000000000000 2.000000000000000 1.000000000000000 1.500000000000000 3.000000000000000
1.041666666666667 2.000000000000000 1.083333333333333 1.252631578947368 2.000000000000000 1.034482758620690 1.000000000000000 1.250000000000000 1.583333333333333 1.367816091954023 1.000000000000000 1.166666666666667 1.166666666666667 1.333333333333333 1.250000000000000 1.333333333333333 1.500000000000000 2.041666666666667 1.200000000000000 1.100000000000000 1.166666666666667 1.500000000000000 1.208333333333333 2.000000000000000 2.034482758620690 2.166666666666667 2.000000000000000 2.000000000000000 0.000000000000000 2.000000000000000 2.041666666666667 1.500000000000000 2.000000000000000
1.041666666666667 2.000000000000000 1.052631578947368 1.252631578947368 2.000000000000000 1.033333333333333 1.000000000000000 1.195488721804511 2.375000000000000 2.041666666666667 2.000000000000000 1.166666666666667 1.166666666666667 1.333333333333333 1.142857142857143 2.041666666666667 1.500000000000000 2.041666666666667 1.200000000000000 1.100000000000000 1.166666666666667 1.500000000000000 1.208333333333333 2.000000000000000 0.500000000000000 2.166666666666667 2.000000000000000 2.000000000000000 2.000000000000000 0.000000000000000 2.041666666666667 1.500000000000000 1.000000000000000
1.000000000000000 1.500000000000000 1.090909090909091 1.290909090909091 1.600000000000000 1.100000000000000 1.041666666666667 1.233766233766234 2.333333333333333 2.000000000000000 2.500000000000000 1.208333333333333 1.208333333333333 1.333333333333333 2.000000000000000 2.000000000000000 2.000000000000000 2.000000000000000 1.200000000000000 1.000000000000000 1.076923076923077 1.083333333333333 1.166666666666667 1.416666666666667 1.250000000000000 1.000000000000000 2.000000000000000 1.000000000000000 2.041666666666667 2.041666666666667 0.000000000000000 1.541666666666667 3.500000000000000
0.541666666666667 1.500000000000000 0.552631578947368 0.752631578947368 1.500000000000000 0.533333333333333 0.500000000000000 0.695488721804511 1.028822055137845 1.541666666666667 1.500000000000000 0.666666666666667 0.666666666666667 0.833333333333333 0.642857142857143 1.541666666666667 1.000000000000000 1.541666666666667 0.700000000000000 0.600000000000000 0.666666666666667 1.000000000000000 0.708333333333333 1.500000000000000 0.791666666666667 1.666666666666667 1.500000000000000 1.500000000000000 1.500000000000000 1.500000000000000 1.541666666666667 0.000000000000000 2.500000000000000
1.134482758620690 2.000000000000000 1.083333333333333 1.283333333333333 1.534482758620690 1.034482758620690 2.000000000000000 1.250000000000000 1.583333333333333 1.367816091954023 1.000000000000000 2.166666666666667 2.166666666666667 1.416666666666667 1.250000000000000 1.333333333333333 2.500000000000000 3.500000000000000 2.034482758620690 1.583333333333333 2.166666666666667 2.500000000000000 2.666666666666667 3.000000000000000 1.500000000000000 3.166666666666667 3.000000000000000 3.000000000000000 2.000000000000000 1.000000000000000 3.500000000000000 2.500000000000000 0.000000000000000
