0.000000000000000 0.142857142857143 0.250000000000000 0.326923076923077 1.500000000000000 2.000000000000000 0.778787878787879 0.712121212121212 0.750000000000000 0.642857142857143 0.500000000000000 0.666666666666667 0.750000000000000 0.416666666666667 1.666666666666667 1.008823529411765 2.000000000000000 0.500000000000000 0.750000000000000 1.500000000000000 1.000000000000000 1.166666666666667 1.500000000000000 2.000000000000000 0.833333333333333 0.750000000000000 1.250000000000000 2.250000000000000 1.750000000000000 2.666666666666667 2.500000000000000 2.000000000000000 3.000000000000000 2.500000000000000 2.500000000000000 2.500000000000000 2.000000000000000 1.666666666666667 2.666666666666667 3.666666666666667
0.142857142857143 0.000000000000000 0.142857142857143 0.219780219780220 0.719780219780220 1.219780219780220 0.338311688311688 0.469780219780220 0.892857142857143 0.642857142857143 0.642857142857143 0.226190476190476 0.642857142857143 0.309523809523810 0.553113553113553 0.330468551056786 0.842857142857143 0.392857142857143 0.642857142857143 1.642857142857143 1.142857142857143 1.392857142857143 1.642857142857143 2.142857142857143 0.976190476190476 0.642857142857143 1.142857142857143 2.142857142857143 1.642857142857143 1.509523809523809 1.719780219780220 1.219780219780220 1.842857142857143 1.719780219780220 1.719780219780220 1.719780219780220 1.219780219780220 1.219780219780220 2.226190476190476 3.226190476190476
0.250000000000000 0.142857142857143 0.000000000000000 0.076923076923077 0.576923076923077 1.076923076923077 0.195454545454545 0.128787878787879 0.642857142857143 0.500000000000000 0.642857142857143 0.083333333333333 0.500000000000000 0.166666666666667 0.366666666666667 0.187611408199644 0.700000000000000 0.250000000000000 0.500000000000000 1.000000000000000 1.083333333333333 0.583333333333333 1.583333333333333 2.083333333333333 0.583333333333333 0.500000000000000 1.000000000000000 2.000000000000000 1.500000000000000 1.366666666666667 1.576923076923077 1.076923076923077 1.700000000000000 1.576923076923077 1.576923076923077 1.576923076923077 1.076923076923077 1.083333333333333 2.083333333333333 3.083333333333333
0.326923076923077 0.219780219780220 0.076923076923077 0.000000000000000 0.500000000000000 1.000000000000000 0.316666666666667 0.250000000000000 0.450000000000000 0.642857142857143 0.500000000000000 0.666666666666667 0.500000000000000 0.533333333333333 0.333333333333333 0.308823529411765 0.666666666666667 0.326923076923077 0.576923076923077 1.500000000000000 1.000000000000000 1.166666666666667 1.500000000000000 2.000000000000000 0.833333333333333 0.576923076923077 1.076923076923077 1.250000000000000 1.500000000000000 1.333333333333333 1.500000000000000 1.000000000000000 1.666666666666667 1.500000000000000 1.500000000000000 1.500000000000000 1.000000000000000 1.000000000000000 2.000000000000000 3.000000000000000
1.500000000000000 0.719780219780220 0.576923076923077 0.500000000000000 0.000000000000000 0.500000000000000 0.566666666666667 0.625000000000000 0.825000000000000 1.142857142857143 1.000000000000000 2.000000000000000 1.333333333333333 1.200000000000000 1.000000000000000 0.250000000000000 1.333333333333333 0.826923076923077 1.076923076923077 2.000000000000000 2.000000000000000 2.500000000000000 2.000000000000000 2.500000000000000 1.333333333333333 1.076923076923077 2.000000000000000 3.000000000000000 1.000000000000000 2.000000000000000 1.000000000000000 0.500000000000000 2.000000000000000 1.000000000000000 1.000000000000000 1.000000000000000 1.500000000000000 1.250000000000000 2.250000000000000 1.250000000000000
2.000000000000000 1.219780219780220 1.076923076923077 1.000000000000000 0.500000000000000 0.000000000000000 0.066666666666667 0.125000000000000 0.325000000000000 0.467857142857143 1.500000000000000 0.170454545454545 0.375000000000000 0.400000000000000 0.200000000000000 0.183823529411765 0.533333333333333 1.326923076923077 1.700000000000000 1.200000000000000 1.200000000000000 0.670454545454545 2.500000000000000 3.000000000000000 1.833333333333333 0.825000000000000 1.200000000000000 1.125000000000000 1.500000000000000 1.200000000000000 1.500000000000000 1.000000000000000 1.533333333333333 1.500000000000000 1.500000000000000 1.500000000000000 2.200000000000000 2.000000000000000 2.170454545454545 1.183823529411765
0.778787878787879 0.338311688311688 0.195454545454545 0.316666666666667 0.566666666666667 0.066666666666667 0.000000000000000 0.066666666666667 0.266666666666667 0.409523809523810 0.516666666666667 0.112121212121212 0.316666666666667 0.466666666666667 0.266666666666667 0.125490196078431 0.600000000000000 0.643589743589744 0.893589743589744 1.266666666666667 1.266666666666667 0.612121212121212 1.612121212121212 2.112121212121212 0.612121212121212 0.766666666666667 1.266666666666667 1.066666666666667 1.566666666666667 1.266666666666667 1.566666666666667 1.066666666666667 1.600000000000000 1.566666666666667 1.566666666666667 1.566666666666667 1.316666666666667 1.112121212121212 2.112121212121212 1.125490196078431
0.712121212121212 0.469780219780220 0.128787878787879 0.250000000000000 0.625000000000000 0.125000000000000 0.066666666666667 0.000000000000000 0.200000000000000 0.342857142857143 0.212121212121212 0.045454545454545 0.250000000000000 0.350000000000000 0.325000000000000 0.058823529411765 0.658333333333333 0.576923076923077 0.826923076923077 1.212121212121212 1.045454545454545 0.545454545454545 1.545454545454545 2.045454545454545 0.545454545454545 0.700000000000000 2.000000000000000 1.000000000000000 1.250000000000000 1.325000000000000 1.750000000000000 1.250000000000000 1.658333333333333 1.750000000000000 1.750000000000000 1.750000000000000 1.250000000000000 1.045454545454545 2.045454545454545 1.058823529411765
0.750000000000000 0.892857142857143 0.642857142857143 0.450000000000000 0.825000000000000 0.325000000000000 0.266666666666667 0.200000000000000 0.000000000000000 0.142857142857143 0.250000000000000 0.416666666666667 0.450000000000000 1.000000000000000 1.200000000000000 0.258823529411765 1.533333333333333 0.642857142857143 1.666666666666667 1.250000000000000 1.000000000000000 0.916666666666667 1.250000000000000 1.750000000000000 0.583333333333333 0.500000000000000 2.166666666666667 1.200000000000000 1.450000000000000 2.200000000000000 1.825000000000000 1.325000000000000 2.533333333333333 1.825000000000000 1.825000000000000 1.825000000000000 2.000000000000000 1.416666666666667 2.416666666666667 1.258823529411765
0.642857142857143 0.642857142857143 0.500000000000000 0.642857142857143 1.142857142857143 0.467857142857143 0.409523809523810 0.342857142857143 0.142857142857143 0.000000000000000 0.142857142857143 0.309523809523810 1.000000000000000 0.666666666666667 2.142857142857143 0.401680672268908 2.476190476190476 0.500000000000000 1.000000000000000 1.142857142857143 0.642857142857143 1.500000000000000 1.142857142857143 1.642857142857143 0.833333333333333 0.642857142857143 1.500000000000000 2.500000000000000 2.000000000000000 3.142857142857143 2.142857142857143 1.642857142857143 3.476190476190476 2.142857142857143 2.142857142857143 2.142857142857143 1.642857142857143 1.309523809523810 2.309523809523809 1.401680672268907
0.500000000000000 0.642857142857143 0.642857142857143 0.500000000000000 1.000000000000000 1.500000000000000 0.516666666666667 0.212121212121212 0.250000000000000 0.142857142857143 0.000000000000000 0.166666666666667 0.700000000000000 1.250000000000000 1.166666666666667 0.508823529411765 1.500000000000000 0.642857142857143 1.500000000000000 1.000000000000000 0.500000000000000 0.666666666666667 1.000000000000000 1.500000000000000 0.333333333333333 0.750000000000000 1.166666666666667 2.166666666666667 2.000000000000000 2.166666666666667 2.000000000000000 1.500000000000000 2.500000000000000 2.000000000000000 2.000000000000000 2.000000000000000 1.500000000000000 1.166666666666667 2.166666666666667 3.166666666666667
0.666666666666667 0.226190476190476 0.083333333333333 0.666666666666667 2.000000000000000 0.170454545454545 0.112121212121212 0.045454545454545 0.416666666666667 0.309523809523810 0.166666666666667 0.000000000000000 0.295454545454545 1.200000000000000 1.000000000000000 0.104278074866310 1.333333333333333 0.333333333333333 0.583333333333333 1.166666666666667 1.000000000000000 0.500000000000000 1.500000000000000 2.000000000000000 0.500000000000000 0.583333333333333 1.000000000000000 2.000000000000000 3.000000000000000 2.000000000000000 3.000000000000000 2.500000000000000 2.333333333333333 3.000000000000000 3.000000000000000 3.000000000000000 2.000000000000000 1.000000000000000 2.000000000000000 3.000000000000000
0.750000000000000 0.642857142857143 0.500000000000000 0.500000000000000 1.333333333333333 0.375000000000000 0.316666666666667 0.250000000000000 0.450000000000000 1.000000000000000 0.700000000000000 0.295454545454545 0.000000000000000 0.100000000000000 0.333333333333333 0.308823529411765 0.666666666666667 0.750000000000000 1.000000000000000 1.333333333333333 1.333333333333333 0.795454545454545 1.700000000000000 2.200000000000000 1.083333333333333 1.000000000000000 1.500000000000000 1.250000000000000 1.000000000000000 1.333333333333333 2.333333333333333 2.500000000000000 1.666666666666667 3.000000000000000 3.000000000000000 3.000000000000000 2.333333333333333 1.295454545454545 2.295454545454545 1.308823529411765
0.416666666666667 0.309523809523810 0.166666666666667 0.533333333333333 1.200000000000000 0.400000000000000 0.466666666666667 0.350000000000000 1.000000000000000 0.666666666666667 1.250000000000000 1.200000000000000 0.100000000000000 0.000000000000000 0.200000000000000 0.290909090909091 0.533333333333333 0.416666666666667 0.666666666666667 1.200000000000000 2.000000000000000 1.700000000000000 2.250000000000000 2.750000000000000 0.750000000000000 1.500000000000000 1.166666666666667 2.166666666666667 1.100000000000000 1.200000000000000 2.200000000000000 1.700000000000000 1.533333333333333 2.200000000000000 2.200000000000000 2.200000000000000 3.000000000000000 1.290909090909091 3.200000000000000 1.290909090909091
1.666666666666667 0.553113553113553 0.366666666666667 0.333333333333333 1.000000000000000 0.200000000000000 0.266666666666667 0.325000000000000 1.200000000000000 2.142857142857143 1.166666666666667 1.000000000000000 0.333333333333333 0.200000000000000 0.000000000000000 0.090909090909091 0.333333333333333 0.660256410256410 1.500000000000000 1.000000000000000 1.000000000000000 1.500000000000000 2.500000000000000 3.000000000000000 1.500000000000000 2.500000000000000 1.000000000000000 2.000000000000000 2.000000000000000 1.000000000000000 2.000000000000000 1.500000000000000 1.333333333333333 2.000000000000000 2.000000000000000 2.000000000000000 2.000000000000000 2.000000000000000 3.000000000000000 1.090909090909091
1.008823529411765 0.330468551056786 0.187611408199644 0.308823529411765 0.250000000000000 0.183823529411765 0.125490196078431 0.058823529411765 0.258823529411765 0.401680672268908 0.508823529411765 0.104278074866310 0.308823529411765 0.290909090909091 0.090909090909091 0.000000000000000 0.424242424242424 0.901680672268908 1.590909090909091 1.090909090909091 1.090909090909091 0.604278074866310 1.508823529411765 2.008823529411765 0.842156862745098 0.758823529411765 1.090909090909091 1.058823529411765 1.250000000000000 1.090909090909091 1.250000000000000 0.750000000000000 1.424242424242424 1.250000000000000 1.250000000000000 1.250000000000000 2.090909090909091 1.000000000000000 2.000000000000000 1.000000000000000
2.000000000000000 0.842857142857143 0.700000000000000 0.666666666666667 1.333333333333333 0.533333333333333 0.600000000000000 0.658333333333333 1.533333333333333 2.476190476190476 1.500000000000000 1.333333333333333 0.666666666666667 0.533333333333333 0.333333333333333 0.424242424242424 0.000000000000000 0.993589743589744 1.833333333333333 1.333333333333333 1.333333333333333 1.833333333333333 2.833333333333333 3.333333333333333 1.833333333333333 2.833333333333333 1.333333333333333 2.333333333333333 1.666666666666667 1.333333333333333 2.333333333333333 1.833333333333333 1.000000000000000 2.000000000000000 2.333333333333333 2.333333333333333 2.333333333333333 1.424242424242424 3.333333333333333 1.424242424242424
0.500000000000000 0.392857142857143 0.250000000000000 0.326923076923077 0.826923076923077 1.326923076923077 0.643589743589744 0.576923076923077 0.642857142857143 0.500000000000000 0.642857142857143 0.333333333333333 0.750000000000000 0.416666666666667 0.660256410256410 0.901680672268908 0.993589743589744 0.000000000000000 0.750000000000000 1.250000000000000 1.333333333333333 1.000000000000000 2.000000000000000 2.500000000000000 0.333333333333333 0.750000000000000 1.250000000000000 2.250000000000000 1.750000000000000 1.660256410256410 1.826923076923077 1.326923076923077 1.993589743589744 1.826923076923077 1.826923076923077 1.826923076923077 1.326923076923077 1.326923076923077 3.500000000000000 3.333333333333333
0.750000000000000 0.642857142857143 0.500000000000000 0.576923076923077 1.076923076923077 1.700000000000000 0.893589743589744 0.826923076923077 1.666666666666667 1.000000000000000 1.500000000000000 0.583333333333333 1.000000000000000 0.666666666666667 1.500000000000000 1.590909090909091 1.833333333333333 0.750000000000000 0.000000000000000 0.500000000000000 1.583333333333333 1.750000000000000 2.500000000000000 3.000000000000000 1.083333333333333 1.000000000000000 1.500000000000000 2.500000000000000 2.000000000000000 2.500000000000000 3.500000000000000 1.576923076923077 2.833333333333333 2.076923076923077 2.076923076923077 2.076923076923077 1.576923076923077 1.576923076923077 2.583333333333333 2.590909090909091
1.500000000000000 1.642857142857143 1.000000000000000 1.500000000000000 2.000000000000000 1.200000000000000 1.266666666666667 1.212121212121212 1.250000000000000 1.142857142857143 1.000000000000000 1.166666666666667 1.333333333333333 1.200000000000000 1.000000000000000 1.090909090909091 1.333333333333333 1.250000000000000 0.500000000000000 0.000000000000000 1.500000000000000 1.666666666666667 2.000000000000000 2.500000000000000 1.333333333333333 1.750000000000000 2.000000000000000 3.000000000000000 3.000000000000000 2.000000000000000 3.000000000000000 2.500000000000000 2.333333333333333 3.000000000000000 3.000000000000000 3.000000000000000 2.500000000000000 2.166666666666667 3.166666666666667 2.090909090909091
1.000000000000000 1.142857142857143 1.083333333333333 1.000000000000000 2.000000000000000 1.200000000000000 1.266666666666667 1.045454545454545 1.000000000000000 0.642857142857143 0.500000000000000 1.000000000000000 1.333333333333333 2.000000000000000 1.000000000000000 1.090909090909091 1.333333333333333 1.333333333333333 1.583333333333333 1.500000000000000 0.000000000000000 1.500000000000000 1.500000000000000 2.000000000000000 0.833333333333333 1.500000000000000 2.000000000000000 3.000000000000000 3.000000000000000 2.000000000000000 3.000000000000000 2.500000000000000 2.333333333333333 3.000000000000000 3.000000000000000 3.000000000000000 1.000000000000000 2.000000000000000 3.000000000000000 2.090909090909091
1.166666666666667 1.392857142857143 0.583333333333333 1.166666666666667 2.500000000000000 0.670454545454545 0.612121212121212 0.545454545454545 0.916666666666667 1.500000000000000 0.666666666666667 0.500000000000000 0.795454545454545 1.700000000000000 1.500000000000000 0.604278074866310 1.833333333333333 1.000000000000000 1.750000000000000 1.666666666666667 1.500000000000000 0.000000000000000 1.000000000000000 1.500000000000000 1.333333333333333 1.750000000000000 1.500000000000000 2.500000000000000 1.795454545454545 2.500000000000000 3.500000000000000 3.000000000000000 2.833333333333333 3.500000000000000 3.500000000000000 3.500000000000000 2.500000000000000 1.500000000000000 2.500000000000000 1.604278074866310
1.500000000000000 1.642857142857143 1.583333333333333 1.500000000000000 2.000000000000000 2.500000000000000 1.612121212121212 1.545454545454545 1.250000000000000 1.142857142857143 1.000000000000000 1.500000000000000 1.700000000000000 2.250000000000000 2.500000000000000 1.508823529411765 2.833333333333333 2.000000000000000 2.500000000000000 2.000000000000000 1.500000000000000 1.000000000000000 0.000000000000000 0.500000000000000 1.333333333333333 1.750000000000000 2.500000000000000 3.500000000000000 3.000000000000000 3.500000000000000 3.000000000000000 2.500000000000000 3.833333333333333 3.000000000000000 3.000000000000000 3.000000000000000 2.500000000000000 2.500000000000000 3.500000000000000 4.500000000000000
2.000000000000000 2.142857142857143 2.083333333333333 2.000000000000000 2.500000000000000 3.000000000000000 2.112121212121212 2.045454545454545 1.750000000000000 1.642857142857143 1.500000000000000 2.000000000000000 2.200000000000000 2.750000000000000 3.000000000000000 2.008823529411765 3.333333333333333 2.500000000000000 3.000000000000000 2.500000000000000 2.000000000000000 1.500000000000000 0.500000000000000 0.000000000000000 1.833333333333333 2.250000000000000 3.000000000000000 4.000000000000000 3.500000000000000 4.000000000000000 3.500000000000000 3.000000000000000 4.333333333333334 3.500000000000000 3.500000000000000 3.500000000000000 3.000000000000000 3.000000000000000 4.000000000000000 5.000000000000000
0.833333333333333 0.976190476190476 0.583333333333333 0.833333333333333 1.333333333333333 1.833333333333333 0.612121212121212 0.545454545454545 0.583333333333333 0.833333333333333 0.333333333333333 0.500000000000000 1.083333333333333 0.750000000000000 1.500000000000000 0.842156862745098 1.833333333333333 0.333333333333333 1.083333333333333 1.333333333333333 0.833333333333333 1.333333333333333 1.333333333333333 1.833333333333333 0.000000000000000 1.083333333333333 1.583333333333333 2.583333333333333 2.333333333333333 2.500000000000000 2.333333333333333 1.833333333333333 2.833333333333333 2.333333333333333 2.333333333333333 2.333333333333333 1.833333333333333 1.500000000000000 2.500000000000000 3.500000000000000
0.750000000000000 0.642857142857143 0.500000000000000 0.576923076923077 1.076923076923077 0.825000000000000 0.766666666666667 0.700000000000000 0.500000000000000 0.642857142857143 0.750000000000000 0.583333333333333 1.000000000000000 1.500000000000000 2.500000000000000 0.758823529411765 2.833333333333333 0.750000000000000 1.000000000000000 1.750000000000000 1.500000000000000 1.750000000000000 1.750000000000000 2.250000000000000 1.083333333333333 0.000000000000000 1.500000000000000 1.700000000000000 2.000000000000000 2.700000000000000 2.076923076923077 1.576923076923077 3.033333333333333 2.076923076923077 2.076923076923077 2.076923076923077 2.500000000000000 1.576923076923077 2.583333333333333 1.758823529411765
1.250000000000000 1.142857142857143 1.000000000000000 1.076923076923077 2.000000000000000 1.200000000000000 1.266666666666667 2.000000000000000 2.166666666666667 1.500000000000000 1.166666666666667 1.000000000000000 1.500000000000000 1.166666666666667 1.000000000000000 1.090909090909091 1.333333333333333 1.250000000000000 1.500000000000000 2.000000000000000 2.000000000000000 1.500000000000000 2.500000000000000 3.000000000000000 1.583333333333333 1.500000000000000 0.000000000000000 1.000000000000000 3.000000000000000 2.000000000000000 3.000000000000000 2.500000000000000 2.333333333333333 3.000000000000000 3.000000000000000 3.000000000000000 3.000000000000000 2.000000000000000 3.000000000000000 2.090909090909091
2.250000000000000 2.142857142857143 2.000000000000000 1.250000000000000 3.000000000000000 1.125000000000000 1.066666666666667 1.000000000000000 1.200000000000000 2.500000000000000 2.166666666666667 2.000000000000000 1.250000000000000 2.166666666666667 2.000000000000000 1.058823529411765 2.333333333333333 2.250000000000000 2.500000000000000 3.000000000000000 3.000000000000000 2.500000000000000 3.500000000000000 4.000000000000000 2.583333333333333 1.700000000000000 1.000000000000000 0.000000000000000 2.250000000000000 3.000000000000000 4.000000000000000 2.250000000000000 3.333333333333333 2.750000000000000 2.750000000000000 2.750000000000000 2.250000000000000 3.000000000000000 4.000000000000000 2.058823529411764
1.750000000000000 1.642857142857143 1.500000000000000 1.500000000000000 1.000000000000000 1.500000000000000 1.566666666666667 1.250000000000000 1.450000000000000 2.000000000000000 2.000000000000000 3.000000000000000 1.000000000000000 1.100000000000000 2.000000000000000 1.250000000000000 1.666666666666667 1.750000000000000 2.000000000000000 3.000000000000000 3.000000000000000 1.795454545454545 3.000000000000000 3.500000000000000 2.333333333333333 2.000000000000000 3.000000000000000 2.250000000000000 0.000000000000000 3.000000000000000 2.000000000000000 1.500000000000000 3.000000000000000 2.000000000000000 2.000000000000000 2.000000000000000 2.500000000000000 2.500000000000000 3.250000000000000 2.250000000000000
2.666666666666667 1.509523809523809 1.366666666666667 1.333333333333333 2.000000000000000 1.200000000000000 1.266666666666667 1.325000000000000 2.200000000000000 3.142857142857143 2.166666666666667 2.000000000000000 1.333333333333333 1.200000000000000 1.000000000000000 1.090909090909091 1.333333333333333 1.660256410256410 2.500000000000000 2.000000000000000 2.000000000000000 2.500000000000000 3.500000000000000 4.000000000000000 2.500000000000000 2.700000000000000 2.000000000000000 3.000000000000000 3.000000000000000 0.000000000000000 1.000000000000000 1.500000000000000 2.333333333333333 3.000000000000000 3.000000000000000 3.000000000000000 3.000000000000000 2.090909090909091 4.000000000000000 2.090909090909091
2.500000000000000 1.719780219780220 1.576923076923077 1.500000000000000 1.000000000000000 1.500000000000000 1.566666666666667 1.750000000000000 1.825000000000000 2.142857142857143 2.000000000000000 3.000000000000000 2.333333333333333 2.200000000000000 2.000000000000000 1.250000000000000 2.333333333333333 1.826923076923077 3.500000000000000 3.000000000000000 3.000000000000000 3.500000000000000 3.000000000000000 3.500000000000000 2.333333333333333 2.076923076923077 3.000000000000000 4.000000000000000 2.000000000000000 1.000000000000000 0.000000000000000 0.500000000000000 3.000000000000000 2.000000000000000 2.000000000000000 2.000000000000000 2.500000000000000 2.500000000000000 3.500000000000000 2.250000000000000
2.000000000000000 1.219780219780220 1.076923076923077 1.000000000000000 0.500000000000000 1.000000000000000 1.066666666666667 1.250000000000000 1.325000000000000 1.642857142857143 1.500000000000000 2.500000000000000 2.500000000000000 1.700000000000000 1.500000000000000 0.750000000000000 1.833333333333333 1.326923076923077 1.576923076923077 2.500000000000000 2.500000000000000 3.000000000000000 2.500000000000000 3.000000000000000 1.833333333333333 1.576923076923077 2.500000000000000 2.250000000000000 1.500000000000000 1.500000000000000 0.500000000000000 0.000000000000000 2.500000000000000 1.500000000000000 1.500000000000000 1.500000000000000 2.000000000000000 2.000000000000000 2.750000000000000 1.750000000000000
3.000000000000000 1.842857142857143 1.700000000000000 1.666666666666667 2.000000000000000 1.533333333333333 1.600000000000000 1.658333333333333 2.533333333333333 3.476190476190476 2.500000000000000 2.333333333333333 1.666666666666667 1.533333333333333 1.333333333333333 1.424242424242424 1.000000000000000 1.993589743589744 2.833333333333333 2.333333333333333 2.333333333333333 2.833333333333333 3.833333333333333 4.333333333333334 2.833333333333333 3.033333333333333 2.333333333333333 3.333333333333333 3.000000000000000 2.333333333333333 3.000000000000000 2.500000000000000 0.000000000000000 1.000000000000000 3.000000000000000 3.000000000000000 3.333333333333333 2.424242424242424 4.333333333333333 2.424242424242424
2.500000000000000 1.719780219780220 1.576923076923077 1.500000000000000 1.000000000000000 1.500000000000000 1.566666666666667 1.750000000000000 1.825000000000000 2.142857142857143 2.000000000000000 3.000000000000000 3.000000000000000 2.200000000000000 2.000000000000000 1.250000000000000 2.000000000000000 1.826923076923077 2.076923076923077 3.000000000000000 3.000000000000000 3.500000000000000 3.000000000000000 3.500000000000000 2.333333333333333 2.076923076923077 3.000000000000000 2.750000000000000 2.000000000000000 3.000000000000000 2.000000000000000 1.500000000000000 1.000000000000000 0.000000000000000 2.000000000000000 2.000000000000000 2.500000000000000 2.500000000000000 3.250000000000000 2.250000000000000
2.500000000000000 1.719780219780220 1.576923076923077 1.500000000000000 1.000000000000000 1.500000000000000 1.566666666666667 1.750000000000000 1.825000000000000 2.142857142857143 2.000000000000000 3.000000000000000 3.000000000000000 2.200000000000000 2.000000000000000 1.250000000000000 2.333333333333333 1.826923076923077 2.076923076923077 3.000000000000000 3.000000000000000 3.500000000000000 3.000000000000000 3.500000000000000 2.333333333333333 2.076923076923077 3.000000000000000 2.750000000000000 2.000000000000000 3.000000000000000 2.000000000000000 1.500000000000000 3.000000000000000 2.000000000000000 0.000000000000000 1.000000000000000 2.500000000000000 2.500000000000000 3.250000000000000 2.250000000000000
2.500000000000000 1.719780219780220 1.576923076923077 1.500000000000000 1.000000000000000 1.500000000000000 1.566666666666667 1.750000000000000 1.825000000000000 2.142857142857143 2.000000000000000 3.000000000000000 3.000000000000000 2.200000000000000 2.000000000000000 1.250000000000000 2.333333333333333 1.826923076923077 2.076923076923077 3.000000000000000 3.000000000000000 3.500000000000000 3.000000000000000 3.500000000000000 2.333333333333333 2.076923076923077 3.000000000000000 2.750000000000000 2.000000000000000 3.000000000000000 2.000000000000000 1.500000000000000 3.000000000000000 2.000000000000000 1.000000000000000 0.000000000000000 2.500000000000000 2.500000000000000 3.250000000000000 2.250000000000000
2.000000000000000 1.219780219780220 1.076923076923077 1.000000000000000 1.500000000000000 2.200000000000000 1.316666666666667 1.250000000000000 2.000000000000000 1.642857142857143 1.500000000000000 2.000000000000000 2.333333333333333 3.000000000000000 2.000000000000000 2.090909090909091 2.333333333333333 1.326923076923077 1.576923076923077 2.500000000000000 1.000000000000000 2.500000000000000 2.500000000000000 3.000000000000000 1.833333333333333 2.500000000000000 3.000000000000000 2.250000000000000 2.500000000000000 3.000000000000000 2.500000000000000 2.000000000000000 3.333333333333333 2.500000000000000 2.500000000000000 2.500000000000000 0.000000000000000 2.000000000000000 3.000000000000000 4.000000000000000
1.666666666666667 1.219780219780220 1.083333333333333 1.000000000000000 1.250000000000000 2.000000000000000 1.112121212121212 1.045454545454545 1.416666666666667 1.309523809523810 1.166666666666667 1.000000000000000 1.295454545454545 1.290909090909091 2.000000000000000 1.000000000000000 1.424242424242424 1.326923076923077 1.576923076923077 2.166666666666667 2.000000000000000 1.500000000000000 2.500000000000000 3.000000000000000 1.500000000000000 1.576923076923077 2.000000000000000 3.000000000000000 2.500000000000000 2.090909090909091 2.500000000000000 2.000000000000000 2.424242424242424 2.500000000000000 2.500000000000000 2.500000000000000 2.000000000000000 0.000000000000000 1.000000000000000 2.000000000000000
2.666666666666667 2.226190476190476 2.083333333333333 2.000000000000000 2.250000000000000 2.170454545454545 2.112121212121212 2.045454545454545 2.416666666666667 2.309523809523809 2.166666666666667 2.000000000000000 2.295454545454545 3.200000000000000 3.000000000000000 2.000000000000000 3.333333333333333 3.500000000000000 2.583333333333333 3.166666666666667 3.000000000000000 2.500000000000000 3.500000000000000 4.000000000000000 2.500000000000000 2.583333333333333 3.000000000000000 4.000000000000000 3.250000000000000 4.000000000000000 3.500000000000000 2.750000000000000 4.333333333333333 3.250000000000000 3.250000000000000 3.250000000000000 3.000000000000000 1.000000000000000 0.000000000000000 1.000000000000000
3.666666666666667 3.226190476190476 3.083333333333333 3.000000000000000 1.250000000000000 1.183823529411765 1.125490196078431 1.058823529411765 1.258823529411765 1.401680672268907 3.166666666666667 3.000000000000000 1.308823529411765 1.290909090909091 1.090909090909091 1.000000000000000 1.424242424242424 3.333333333333333 2.590909090909091 2.090909090909091 2.090909090909091 1.604278074866310 4.500000000000000 5.000000000000000 3.500000000000000 1.758823529411765 2.090909090909091 2.058823529411764 2.250000000000000 2.090909090909091 2.250000000000000 1.750000000000000 2.424242424242424 2.250000000000000 2.250000000000000 2.250000000000000 4.000000000000000 2.000000000000000 1.000000000000000 0.000000000000000
